wavelength flux
3804.05273757997 -1.5590501876944756e-15
3808.2287880504555 -1.7547412395844486e-15
3812.4048385209408 -4.220284405328598e-16
3816.580888991426 2.875707773507697e-16
3820.7569394619113 1.419199274785323e-15
3824.9329899323966 6.742548555337165e-16
3829.109040402882 -1.7076864619369568e-16
3833.285090873367 5.826543929639632e-16
3837.4611413438524 4.2305903034735907e-16
3841.6371918143377 -7.053494119242323e-16
3845.813242284823 -1.799660226982765e-15
3849.9892927553083 -1.3732471183557847e-16
3854.1653432257935 9.551108303933815e-17
3858.341393696279 1.6990825952862525e-15
3862.517444166764 -2.1496501898565063e-15
3866.6934946372494 2.405849924913639e-16
3870.8695451077347 2.4878751416704394e-16
3875.0455955782204 -8.319058349684203e-16
3879.2216460487057 4.526450210115327e-16
3883.397696519191 7.986660277387876e-16
3887.5737469896762 3.8336028938323016e-16
3891.7497974601615 9.37185016346884e-16
3895.925847930647 1.0009001723572039e-15
3900.101898401132 1.5787967583898382e-16
3904.2779488716174 5.948671589572138e-16
3908.4539993421026 -5.010048142343776e-16
3912.630049812588 -3.836134567361054e-16
3916.806100283073 -1.3871508974974557e-16
3920.982150753559 1.4314841573765318e-15
3925.158201224044 -4.835585999481339e-16
3929.3342516945295 2.4134404261558287e-16
3933.5103021650148 8.31211691498982e-16
3937.6863526355 6.34559373160556e-17
3941.8624031059853 3.171184959501704e-16
3946.0384535764706 4.62809372948364e-16
3950.214504046956 -1.0695035152017479e-16
3954.390554517441 3.190100361274738e-16
3958.5666049879264 2.9482416765189745e-16
3962.7426554584117 5.414974493266971e-16
3966.918705928897 1.0674721459914555e-16
3971.0947563993823 1.0313691653384512e-16
3975.2708068698676 5.33691333787631e-16
3979.446857340353 1.2694272600446723e-15
3983.622907810838 5.677870568006907e-16
3987.7989582813234 4.806103785980247e-16
3991.9750087518087 1.1810282240123585e-15
3996.151059222294 1.711682177497466e-16
4000.3271096927792 9.075379164377536e-16
4004.5031601632645 6.860012242242482e-16
4008.67921063375 5.211394069240334e-16
4012.855261104235 1.1339484589329661e-15
4017.0313115747203 7.584103569845228e-16
4021.2073620452056 1.1051426943010057e-15
4025.383412515691 9.144522680926944e-16
4029.559462986176 8.49490809297763e-16
4033.7355134566615 7.593981338930162e-16
4037.9115639271467 6.270104385820823e-16
4042.087614397632 4.3145430105193424e-16
4046.2636648681173 5.090245117037656e-16
4050.4397153386026 1.558917443593897e-16
4054.6157658090883 1.3276055519040175e-15
4058.7918162795736 1.3323761991357108e-15
4062.967866750059 1.0476494134817335e-15
4067.143917220544 1.7296617097629626e-16
4071.3199676910294 9.334321608080094e-16
4075.4960181615147 9.926110631928873e-16
4079.672068632 8.116952491609211e-16
4083.8481191024853 1.4479053185014583e-15
4088.0241695729705 1.6210162999517453e-15
4092.200220043456 1.520473393773785e-15
4096.376270513942 1.353724749351513e-15
4100.552320984427 1.0923069679335526e-15
4104.728371454912 7.788483358634641e-16
4108.904421925397 5.742411434265118e-16
4113.080472395883 4.347520680028505e-16
4117.256522866368 4.661807901282932e-16
4121.432573336853 8.2797753631807815e-16
4125.6086238073385 7.106769898424502e-16
4129.784674277824 9.601299421606777e-16
4133.960724748309 1.0049671240581403e-15
4138.136775218794 1.2101913323834817e-15
4142.31282568928 9.85236779526183e-16
4146.488876159765 6.229704093269797e-16
4150.66492663025 1.000168688645983e-15
4154.8409771007355 8.460228882447847e-16
4159.017027571221 1.174357013187629e-15
4163.193078041706 1.3264337974214938e-15
4167.369128512191 9.84674742657614e-16
4171.545178982677 7.638466119364665e-16
4175.721229453162 6.04401540583953e-16
4179.897279923647 5.079420182733776e-16
4184.073330394132 7.802403679912617e-16
4188.249380864618 1.1656601204419693e-15
4192.425431335103 1.1511123111639665e-15
4196.601481805588 1.0370688614498164e-15
4200.7775322760735 1.0336697334276126e-15
4204.953582746559 1.1221333575004865e-15
4209.129633217044 1.0292876246926796e-15
4213.305683687529 1.1314483582535755e-15
4217.481734158015 1.2074956262286345e-15
4221.6577846285 1.3281336409718832e-15
4225.833835098985 9.74987546735628e-16
4230.0098855694705 8.8883896655413e-16
4234.185936039956 1.2320127348445678e-15
4238.361986510441 1.3892303545827956e-15
4242.538036980926 1.2282412878799197e-15
4246.714087451412 1.0656860111304593e-15
4250.890137921897 1.0849456056284812e-15
4255.066188392382 1.3553784844073977e-15
4259.242238862867 1.4609019662821374e-15
4263.418289333353 1.2122727381583882e-15
4267.594339803838 1.2501452329288085e-15
4271.770390274323 1.1767977720920356e-15
4275.946440744809 1.0742564686195895e-15
4280.122491215294 1.1960280759540837e-15
4284.298541685779 1.0594454891385981e-15
4288.474592156264 1.150364246231615e-15
4292.65064262675 1.2963536385720604e-15
4296.826693097235 1.1584224918566221e-15
4301.002743567721 8.6743341204902405e-16
4305.178794038206 5.949488643975294e-16
4309.354844508692 7.736663642537334e-16
4313.530894979177 1.074062508608081e-15
4317.706945449662 1.6531174051031576e-15
4321.882995920148 1.6017936838150138e-15
4326.059046390633 1.5710777587795883e-15
4330.235096861118 1.7009392935959563e-15
4334.411147331603 1.806184436408844e-15
4338.587197802089 1.44951353348916e-15
4342.763248272574 1.4109946917488674e-15
4346.939298743059 1.690810560331591e-15
4351.1153492135445 1.6441853197228766e-15
4355.29139968403 1.3848636211955137e-15
4359.467450154515 1.6568673592903497e-15
4363.643500625 1.7083445169404312e-15
4367.819551095486 1.4898201187809433e-15
4371.995601565971 1.7966341490585807e-15
4376.171652036456 1.4125853201432528e-15
4380.3477025069415 1.5896851854105953e-15
4384.523752977427 1.4030578280084165e-15
4388.699803447913 1.3411335119286031e-15
4392.875853918398 1.5445642208288035e-15
4397.0519043888835 1.4179561962879757e-15
4401.227954859369 1.4461059814331341e-15
4405.404005329854 1.2802960942668595e-15
4409.580055800339 1.817222779244368e-15
4413.756106270825 2.081420809773074e-15
4417.93215674131 1.5544616896751665e-15
4422.108207211795 1.7726651381220495e-15
4426.28425768228 1.7437674138245436e-15
4430.460308152766 1.6692247539204851e-15
4434.636358623251 1.828474214882221e-15
4438.812409093736 2.0597142257051877e-15
4442.988459564222 1.941714267935511e-15
4447.164510034707 1.846855844865788e-15
4451.340560505192 1.7666112357376018e-15
4455.516610975677 1.821174313901697e-15
4459.692661446163 1.7406058347532304e-15
4463.868711916648 2.0839968199939152e-15
4468.044762387133 2.0500056349383304e-15
4472.2208128576185 1.9896222856754256e-15
4476.396863328104 2.216510212984925e-15
4480.572913798589 2.179948075652551e-15
4484.748964269074 2.1042862286564938e-15
4488.92501473956 2.1716946410852694e-15
4493.101065210045 2.0090334886089112e-15
4497.27711568053 1.9370713807425815e-15
4501.4531661510155 2.303430072495207e-15
4505.629216621501 2.3720784504299477e-15
4509.805267091986 2.4030232406181257e-15
4513.981317562471 2.5431543109973753e-15
4518.157368032957 2.5074962484202557e-15
4522.333418503442 2.40119830893404e-15
4526.509468973927 2.0711656424090768e-15
4530.685519444412 2.0352116844833193e-15
4534.861569914898 2.29650470176559e-15
4539.037620385383 2.4648139364040983e-15
4543.213670855868 2.2804486059176796e-15
4547.3897213263535 2.240155164605694e-15
4551.565771796839 2.04855632812427e-15
4555.741822267324 2.1123457298753798e-15
4559.917872737809 2.417094908759112e-15
4564.093923208295 2.3155824978879468e-15
4568.26997367878 2.4076456475651772e-15
4572.446024149265 2.3695668661120988e-15
4576.6220746197505 2.3853237716964564e-15
4580.798125090236 2.472699982667192e-15
4584.974175560721 2.461490994842081e-15
4589.150226031206 2.5470070641018567e-15
4593.326276501692 2.285328911798663e-15
4597.502326972177 2.2204905921297002e-15
4601.678377442662 2.337675076837498e-15
4605.854427913147 2.5276299200892024e-15
4610.030478383633 2.7673838376622767e-15
4614.206528854118 2.710935046524604e-15
4618.382579324603 2.8118451728248527e-15
4622.558629795089 2.8296383795130652e-15
4626.734680265574 2.714881959475807e-15
4630.910730736059 2.7680227090257373e-15
4635.086781206544 2.838943658446918e-15
4639.26283167703 2.894866325976345e-15
4643.438882147515 2.7226455400332448e-15
4647.614932618 2.717871430521803e-15
4651.7909830884855 2.6168117603081457e-15
4655.967033558972 2.725123270623777e-15
4660.143084029457 2.739589560664835e-15
4664.319134499942 2.8447733714393817e-15
4668.4951849704275 2.2488401518213805e-15
4672.671235440913 2.6546838721006822e-15
4676.847285911398 2.731366808497747e-15
4681.023336381883 2.8303463221778562e-15
4685.199386852369 2.883188156386473e-15
4689.375437322854 2.684340559410368e-15
4693.551487793339 2.7795103746920863e-15
4697.7275382638245 2.7047288255640023e-15
4701.90358873431 2.885601438340303e-15
4706.079639204795 2.744211164138072e-15
4710.25568967528 2.53709044139705e-15
4714.431740145766 3.0067603635803426e-15
4718.607790616251 3.174860529794662e-15
4722.783841086736 2.9522536866049927e-15
4726.959891557221 2.6524023340953862e-15
4731.135942027707 2.422791175974294e-15
4735.311992498192 2.8942443864108358e-15
4739.488042968677 3.084010850311416e-15
4743.664093439163 3.0219090218188746e-15
4747.840143909649 3.1459211619992574e-15
4752.016194380134 3.1726112498328485e-15
4756.192244850619 3.1013050057332683e-15
4760.368295321105 3.043874782135924e-15
4764.54434579159 3.0900267085031294e-15
4768.720396262075 3.083460448461543e-15
4772.89644673256 3.063162602231665e-15
4777.072497203046 2.9579227742701976e-15
4781.248547673531 2.9644523777544316e-15
4785.424598144016 2.8848886451862e-15
4789.600648614502 2.846440457336943e-15
4793.776699084987 3.0782852053283332e-15
4797.952749555472 3.332490090076172e-15
4802.128800025957 3.29396100109023e-15
4806.304850496443 3.1997460694637804e-15
4810.480900966928 3.121081159914145e-15
4814.656951437413 3.1997965252992527e-15
4818.8330019078985 3.1920117629052375e-15
4823.009052378384 3.1014983464937475e-15
4827.185102848869 3.1919949218127254e-15
4831.361153319354 3.359895641632992e-15
4835.53720378984 3.2679879160703833e-15
4839.713254260325 3.1282197761411084e-15
4843.88930473081 3.304654757302279e-15
4848.0653552012955 3.288807543974488e-15
4852.241405671781 3.2845823643512958e-15
4856.417456142266 2.9277528358621e-15
4860.593506612751 2.8143678058408607e-15
4864.769557083237 2.895708263610326e-15
4868.945607553722 3.0771269072751152e-15
4873.121658024207 3.0425536852328365e-15
4877.297708494692 3.2907625889425554e-15
4881.473758965178 3.231589997651333e-15
4885.649809435663 3.1353871574126537e-15
4889.825859906148 3.2100137893673122e-15
4894.0019103766335 3.4123477629594822e-15
4898.177960847119 3.558710646338202e-15
4902.354011317604 3.610355804790739e-15
4906.530061788089 3.480158709993152e-15
4910.706112258575 3.3900191850518183e-15
4914.88216272906 3.279314467939981e-15
4919.058213199545 3.123938021553038e-15
4923.2342636700305 3.233038051587499e-15
4927.410314140516 3.570183705130479e-15
4931.586364611001 3.461471198902606e-15
4935.762415081486 3.527072338382812e-15
4939.938465551972 3.385139546119824e-15
4944.114516022457 3.4433593484765302e-15
4948.290566492942 3.640875159756177e-15
4952.466616963427 4.043686289667174e-15
4956.642667433913 3.5372768032350227e-15
4960.818717904398 3.691362998320399e-15
4964.994768374883 3.361556193810898e-15
4969.170818845369 3.3555627450491385e-15
4973.346869315854 3.856711438732689e-15
4977.522919786339 3.651772217835265e-15
4981.698970256824 3.2576367806426365e-15
4985.87502072731 3.375643568299036e-15
4990.051071197795 3.6126071854452274e-15
4994.22712166828 3.746496309340594e-15
4998.4031721387655 3.6798095148677635e-15
5002.579222609251 3.623996224767423e-15
5006.755273079736 3.6125860580645555e-15
5010.931323550222 3.3093680969359596e-15
5015.1073740207075 3.1580565144058644e-15
5019.283424491193 3.505032457636585e-15
5023.459474961678 3.5224212457858127e-15
5027.635525432163 3.7658985330986356e-15
5031.811575902649 3.706115495018323e-15
5035.987626373134 3.575304291882261e-15
5040.163676843619 3.4727087360501023e-15
5044.3397273141045 3.499233138718637e-15
5048.51577778459 3.792826838892759e-15
5052.691828255075 3.8774050243894305e-15
5056.86787872556 3.899999456984729e-15
5061.043929196046 3.892129242636213e-15
5065.219979666531 3.724009643712587e-15
5069.396030137016 3.73267376577113e-15
5073.572080607501 3.70329998585851e-15
5077.748131077987 3.596487743526628e-15
5081.924181548472 3.515971596621843e-15
5086.100232018957 3.618406560533629e-15
5090.276282489443 4.007176351497466e-15
5094.452332959928 4.007929838037384e-15
5098.628383430413 3.788008195639279e-15
5102.804433900899 3.8114515445820376e-15
5106.980484371385 3.907565123995447e-15
5111.15653484187 3.6973773796894284e-15
5115.332585312355 4.219757373581668e-15
5119.50863578284 3.812693283368131e-15
5123.684686253326 3.6458077559236035e-15
5127.860736723811 3.666980886870792e-15
5132.036787194296 3.952608729724439e-15
5136.212837664782 3.7775288672245734e-15
5140.388888135267 3.7386342179853745e-15
5144.564938605752 3.748543412206904e-15
5148.740989076237 3.697210357531391e-15
5152.917039546723 3.844574681844579e-15
5157.093090017208 4.069542642693726e-15
5161.269140487693 3.940582992998546e-15
5165.4451909581785 3.4850346427844965e-15
5169.621241428664 3.241906607011512e-15
5173.797291899149 3.513513603916352e-15
5177.973342369634 3.646786033045644e-15
5182.14939284012 3.607682453081658e-15
5186.325443310605 3.8547308457077195e-15
5190.50149378109 3.976538429484844e-15
5194.6775442515755 3.722795833266851e-15
5198.853594722061 4.313543447997141e-15
5203.029645192546 4.0897970319770275e-15
5207.205695663031 3.8266925375997915e-15
5211.381746133517 4.0094580243837464e-15
5215.557796604002 4.217291276477925e-15
5219.733847074487 4.402928387750236e-15
5223.909897544972 4.157682849065502e-15
5228.085948015458 4.073753619154719e-15
5232.261998485943 4.29699904697834e-15
5236.438048956428 4.7008579496755265e-15
5240.6140994269135 4.9534024456072114e-15
5244.790149897399 4.644217151539592e-15
5248.966200367884 4.237948091655281e-15
5253.142250838369 4.392989038814421e-15
5257.318301308855 4.6878461035414015e-15
5261.49435177934 4.193472950071363e-15
5265.670402249825 3.682470364019081e-15
5269.8464527203105 3.762835286551121e-15
5274.022503190796 4.336606558746425e-15
5278.198553661281 4.530674803271262e-15
5282.374604131766 4.637127499278213e-15
5286.550654602252 4.842827751951049e-15
5290.726705072737 5.055740992924661e-15
5294.902755543222 4.764576214986259e-15
5299.078806013707 4.7011990112828126e-15
5303.254856484193 4.931856274310345e-15
5307.430906954678 5.0679618243895724e-15
5311.606957425163 5.265432524989343e-15
5315.783007895649 5.168942985437986e-15
5319.959058366134 5.080371263955206e-15
5324.135108836619 4.627161775585509e-15
5328.311159307104 4.430608333794369e-15
5332.48720977759 4.817088237373755e-15
5336.663260248075 5.138895274144617e-15
5340.83931071856 4.96980138720615e-15
5345.0153611890455 5.0103131106669545e-15
5349.191411659531 5.02059014630676e-15
5353.367462130016 5.345371063421668e-15
5357.543512600501 5.388810215361348e-15
5361.719563070987 5.188267695925747e-15
5365.895613541472 4.994840613967996e-15
5370.071664011958 5.047768451148268e-15
5374.247714482443 5.282253641613109e-15
5378.423764952929 5.145858577199176e-15
5382.599815423414 5.222355424670901e-15
5386.775865893899 5.089643510026881e-15
5390.9519163643845 4.956917786475097e-15
5395.12796683487 4.596521467151586e-15
5399.304017305355 4.8414506404847334e-15
5403.48006777584 4.809385522027509e-15
5407.656118246326 4.8990207418403805e-15
5411.832168716811 5.1954530731319504e-15
5416.008219187296 5.30671203004988e-15
5420.184269657781 5.46266713652817e-15
5424.360320128267 5.4301389184273866e-15
5428.536370598752 5.293163584832816e-15
5432.712421069237 5.214569008544214e-15
5436.888471539723 5.3278738588444525e-15
5441.064522010208 5.466173283942823e-15
5445.240572480693 5.20997416761051e-15
5449.416622951178 5.620503661971651e-15
5453.592673421664 5.615760867128433e-15
5457.76872389215 5.626639224309358e-15
5461.944774362635 5.606330272299984e-15
5466.12082483312 5.763965183271695e-15
5470.296875303606 5.421118749719027e-15
5474.472925774091 5.38508563395051e-15
5478.648976244576 5.342440244382525e-15
5482.8250267150615 5.262084917579672e-15
5487.001077185547 5.279666892916002e-15
5491.177127656032 5.492863047588901e-15
5495.353178126517 5.782403722473813e-15
5499.529228597003 5.542867192072312e-15
5503.705279067488 5.4714576101034295e-15
5507.881329537973 5.461989490207564e-15
5512.0573800084585 5.6140266952962276e-15
5516.233430478944 5.7473301979992194e-15
5520.409480949429 5.7580047142181584e-15
5524.585531419914 5.547582142670007e-15
5528.7615818904 5.7408527385318696e-15
5532.937632360885 5.762606480506531e-15
5537.11368283137 5.783338145069375e-15
5541.289733301855 5.8968858316176455e-15
5545.465783772341 6.017315929375007e-15
5549.641834242826 6.022740120523955e-15
5553.817884713311 6.013407511783798e-15
5557.993935183797 5.963949975321684e-15
5562.169985654282 5.731053427637007e-15
5566.346036124767 5.791532778480897e-15
5570.522086595252 5.6595249746869224e-15
5574.698137065738 6.342722851629893e-15
5578.874187536223 5.924587007514869e-15
5583.050238006708 5.782833533523952e-15
5587.2262884771935 5.721091009472176e-15
5591.402338947679 5.631521170221244e-15
5595.578389418164 5.853082593663519e-15
5599.754439888649 5.9092963856086116e-15
5603.930490359135 5.916465898126872e-15
5608.10654082962 6.360797413702354e-15
5612.282591300105 6.089591597457938e-15
5616.4586417705905 5.754082273607198e-15
5620.634692241076 5.776535715263706e-15
5624.810742711561 5.8621634764800316e-15
5628.986793182046 6.416460670996859e-15
5633.162843652532 6.119754237360706e-15
5637.338894123017 6.2004410942197835e-15
5641.514944593502 6.267203557005578e-15
5645.690995063987 6.178264952492046e-15
5649.867045534473 6.086576278865479e-15
5654.043096004958 6.0249940222605655e-15
5658.219146475443 6.009339249263643e-15
5662.395196945929 6.1029812243998096e-15
5666.571247416414 6.182975561096894e-15
5670.747297886899 6.16068941038545e-15
5674.923348357384 6.537452683176568e-15
5679.09939882787 6.2122103546218966e-15
5683.275449298355 6.315443058153873e-15
5687.45149976884 6.347882097722133e-15
5691.6275502393255 6.404486828017976e-15
5695.803600709811 6.43743814991104e-15
5699.979651180296 6.2533324085517734e-15
5704.155701650781 5.901455749925727e-15
5708.331752121267 5.783225053933221e-15
5712.507802591752 6.097973023941378e-15
5716.683853062237 6.276397137617637e-15
5720.8599035327225 6.495957210289249e-15
5725.035954003209 6.570813242991954e-15
5729.212004473694 6.707737594116171e-15
5733.388054944179 6.559131301970399e-15
5737.5641054146645 6.596971615355805e-15
5741.74015588515 6.850429707482055e-15
5745.916206355635 6.8565536209862e-15
5750.09225682612 6.752744416347058e-15
5754.268307296606 6.753045130413199e-15
5758.444357767091 6.7334611955739146e-15
5762.620408237576 6.594630590421947e-15
5766.796458708061 6.613791052471692e-15
5770.972509178547 6.825393147310478e-15
5775.148559649032 6.48745310190217e-15
5779.324610119517 6.083635152239076e-15
5783.500660590003 6.212740862255084e-15
5787.676711060488 6.5046081055478435e-15
5791.852761530973 6.4928150401324385e-15
5796.028812001458 6.668609125755435e-15
5800.204862471944 6.773724730594833e-15
5804.380912942429 6.788568393375998e-15
5808.556963412914 6.853797150341945e-15
5812.7330138833995 6.882333872409902e-15
5816.909064353886 7.158522309378886e-15
5821.085114824371 7.302646748206204e-15
5825.261165294856 7.19018492413681e-15
5829.4372157653415 7.45340524535662e-15
5833.613266235827 7.390826917118476e-15
5837.789316706312 7.183498752173238e-15
5841.965367176797 7.303228282957139e-15
5846.141417647283 7.16458270142756e-15
5850.317468117768 6.97325641436557e-15
5854.493518588253 6.9279549716974874e-15
5858.6695690587385 6.875989214078084e-15
5862.845619529224 6.957174239917014e-15
5867.021669999709 7.020164425960181e-15
5871.197720470194 7.164268150734134e-15
5875.37377094068 7.223550598957159e-15
5879.549821411165 7.0447015043739844e-15
5883.72587188165 6.6889043934900606e-15
5887.901922352135 6.030349571223016e-15
5892.077972822621 5.662881581196566e-15
5896.254023293106 6.06122453540635e-15
5900.430073763591 6.738169712493423e-15
5904.606124234077 7.126432200000251e-15
5908.782174704562 7.083921447293747e-15
5912.958225175047 6.948756987361522e-15
5917.134275645532 7.085416542530134e-15
5921.310326116018 7.183840230512593e-15
5925.486376586503 7.134633163744438e-15
5929.662427056988 7.135812839430739e-15
5933.8384775274735 7.328378656344875e-15
5938.014527997959 7.067543723524085e-15
5942.190578468444 7.111317196562692e-15
5946.366628938929 7.275458467591083e-15
5950.542679409415 7.154376670554849e-15
5954.7187298799 7.040168798118918e-15
5958.894780350385 7.503845402638434e-15
5963.0708308208705 7.66791821198252e-15
5967.246881291356 7.647807186102618e-15
5971.422931761841 7.389458771918093e-15
5975.598982232326 7.110105906893351e-15
5979.775032702812 7.111350342758117e-15
5983.951083173297 7.26894409255403e-15
5988.127133643782 7.523078595893732e-15
5992.303184114267 7.53093562235019e-15
5996.479234584753 7.412981101261848e-15
6000.655285055238 7.320520527522936e-15
6004.831335525723 7.246903218473622e-15
6009.0073859962085 7.437777386035121e-15
6013.183436466694 7.179566291936818e-15
6017.359486937179 6.8463502209915245e-15
6021.535537407664 7.294954644095023e-15
6025.71158787815 7.42117095072291e-15
6029.887638348635 7.504748835052166e-15
6034.06368881912 7.613158883618225e-15
6038.2397392896055 7.575414673534048e-15
6042.415789760091 7.660819752870332e-15
6046.591840230576 7.835209671557977e-15
6050.767890701061 7.689874019906656e-15
6054.943941171547 7.67005333526556e-15
6059.119991642032 7.566519959708027e-15
6063.296042112517 7.539518539397358e-15
6067.472092583002 7.707605149481562e-15
6071.648143053488 7.789332364839043e-15
6075.824193523973 7.722276905069461e-15
6080.000243994459 7.540009265539429e-15
6084.1762944649445 7.557142540950664e-15
6088.35234493543 7.661270594358222e-15
6092.528395405915 7.522292213296325e-15
6096.7044458764 7.420811757257794e-15
6100.880496346886 7.239828194930616e-15
6105.056546817371 7.430439268493725e-15
6109.232597287856 7.742770527945696e-15
6113.408647758341 7.771481880356216e-15
6117.584698228827 7.544254860204314e-15
6121.760748699312 7.463508539517634e-15
6125.936799169797 7.54953308441236e-15
6130.112849640283 7.477208856775186e-15
6134.288900110768 7.26557565872895e-15
6138.464950581253 7.339805848063677e-15
6142.641001051738 7.57328707586957e-15
6146.817051522224 7.722072962665501e-15
6150.993101992709 7.760370436323376e-15
6155.169152463194 7.472371150752906e-15
6159.3452029336795 7.196798728599456e-15
6163.521253404165 7.071940709573817e-15
6167.69730387465 7.079911051062395e-15
6171.873354345136 7.289058138092487e-15
6176.0494048156215 7.520038396972672e-15
6180.225455286107 7.609922874815835e-15
6184.401505756592 7.584900329827713e-15
6188.577556227077 7.314534704849199e-15
6192.753606697563 7.378966353046348e-15
6196.929657168048 7.717218754972809e-15
6201.105707638533 7.808184622671781e-15
6205.2817581090185 7.883616464985592e-15
6209.457808579504 7.702059504477442e-15
6213.633859049989 7.38427729438101e-15
6217.809909520474 7.251613519879945e-15
6221.98595999096 7.434218765783741e-15
6226.162010461445 7.570970104057167e-15
6230.33806093193 7.428774869461321e-15
6234.514111402415 7.594624507555408e-15
6238.690161872901 7.818498431485664e-15
6242.866212343386 7.363532401232965e-15
6247.042262813871 7.49977776387348e-15
6251.218313284357 7.277592205897936e-15
6255.394363754842 7.1004699506130956e-15
6259.570414225327 7.139550378798996e-15
6263.746464695812 7.395660871145076e-15
6267.922515166298 7.707672676244537e-15
6272.098565636783 7.784087876895307e-15
6276.274616107268 7.670706102595626e-15
6280.4506665777535 7.066878236831046e-15
6284.626717048239 7.330936574796076e-15
6288.802767518724 7.533894325566512e-15
6292.978817989209 7.663820062079405e-15
6297.154868459695 7.662989678500797e-15
6301.33091893018 8.375902708475576e-15
6305.506969400665 1.5340120356117095e-14
6309.6830198711505 2.2657209149007162e-14
6313.859070341636 1.4846324351026774e-14
6318.035120812121 7.477710461285607e-15
6322.211171282606 7.56690249705009e-15
6326.387221753092 8.106470300285226e-15
6330.563272223577 8.048844748802631e-15
6334.739322694062 7.824796150827194e-15
6338.915373164547 7.732205262214605e-15
6343.091423635033 7.873034000076865e-15
6347.267474105518 8.025882202897902e-15
6351.443524576003 8.053147193638738e-15
6355.6195750464885 7.953246377905279e-15
6359.795625516974 7.828367575452566e-15
6363.971675987459 7.823409067547299e-15
6368.147726457944 8.395153620974847e-15
6372.32377692843 8.267888052108818e-15
6376.499827398915 8.311656853053035e-15
6380.6758778694 8.075712101021887e-15
6384.8519283398855 8.128673249221473e-15
6389.027978810371 8.361466458422549e-15
6393.204029280857 8.300911860046824e-15
6397.380079751342 8.058845845786107e-15
6401.5561302218275 8.44951853694442e-15
6405.732180692313 8.312169025741537e-15
6409.908231162798 8.123732090491051e-15
6414.084281633283 8.127362751483485e-15
6418.260332103769 8.136880203598696e-15
6422.436382574254 8.235711086692616e-15
6426.612433044739 8.313681833785801e-15
6430.7884835152245 8.34302398553606e-15
6434.96453398571 8.348542838278998e-15
6439.140584456195 8.22651614075312e-15
6443.31663492668 8.392726604970804e-15
6447.492685397166 8.316420240836007e-15
6451.668735867651 8.172549200876229e-15
6455.844786338136 8.123370405384632e-15
6460.020836808621 8.202569960302926e-15
6464.196887279107 8.465844795618746e-15
6468.372937749592 8.43926315376087e-15
6472.548988220077 8.250748314659709e-15
6476.7250386905625 8.23367797122598e-15
6480.901089161048 8.285924069062302e-15
6485.077139631533 8.420713960958126e-15
6489.253190102018 8.27364681215002e-15
6493.429240572504 7.741195083116889e-15
6497.605291042989 7.852126797172317e-15
6501.781341513474 8.149948866699326e-15
6505.9573919839595 8.470119431262337e-15
6510.133442454445 8.537317115697468e-15
6514.30949292493 8.389128922119431e-15
6518.485543395415 8.240272580012e-15
6522.661593865901 8.242255048160428e-15
6526.837644336386 8.455479624817705e-15
6531.013694806871 8.473921152445718e-15
6535.189745277356 8.492239283681323e-15
6539.365795747842 8.577473349991605e-15
6543.541846218327 8.727766086719649e-15
6547.717896688812 8.548554052683713e-15
6551.893947159298 8.408780388908244e-15
6556.069997629783 8.34914148072652e-15
6560.246048100268 8.092338288253088e-15
6564.422098570753 8.211868570916914e-15
6568.598149041239 8.551088367142287e-15
6572.774199511725 8.276606038132721e-15
6576.95024998221 8.416419908264812e-15
6581.126300452695 8.663519105012153e-15
6585.302350923181 8.55085633302191e-15
6589.478401393666 8.561482051781093e-15
6593.654451864151 8.623946070752168e-15
6597.830502334637 8.617869779684743e-15
6602.006552805122 8.738861904149794e-15
6606.182603275607 8.65754016612337e-15
6610.358653746092 8.448584814988107e-15
6614.534704216578 8.548875229168201e-15
6618.710754687063 8.713392619908091e-15
6622.886805157548 8.748828004112395e-15
6627.0628556280335 8.683189296600933e-15
6631.238906098519 8.577484765525586e-15
6635.414956569004 8.609175186827773e-15
6639.591007039489 8.800026506103702e-15
6643.767057509975 8.850967007593994e-15
6647.94310798046 8.947231299574746e-15
6652.119158450945 8.873721836130102e-15
6656.2952089214305 8.995036495761102e-15
6660.471259391916 8.72845953842993e-15
6664.647309862401 8.908603200892242e-15
6668.823360332886 8.956625067604176e-15
6672.999410803372 8.916249665537256e-15
6677.175461273857 8.944316222612985e-15
6681.351511744342 8.948086460148039e-15
6685.527562214827 9.220491628766404e-15
6689.703612685313 9.4385431454412e-15
6693.879663155798 9.18907063964863e-15
6698.055713626283 9.089514038025083e-15
6702.2317640967685 9.017175787887876e-15
6706.407814567254 8.961424695123031e-15
6710.583865037739 8.896261793746048e-15
6714.759915508224 8.898204931749944e-15
6718.93596597871 8.995747623726147e-15
6723.112016449195 9.157725008572588e-15
6727.28806691968 9.192623114899078e-15
6731.4641173901655 8.9692934075308e-15
6735.640167860651 8.85006856099113e-15
6739.816218331136 8.952718327681425e-15
6743.992268801621 9.056893520056615e-15
6748.1683192721075 9.152445973707476e-15
6752.344369742593 9.25228160839643e-15
6756.520420213078 9.319773768118019e-15
6760.696470683563 9.312649356247415e-15
6764.872521154049 9.19347131626053e-15
6769.048571624534 9.111697115877817e-15
6773.224622095019 9.375031660982807e-15
6777.4006725655045 9.478580834288228e-15
6781.57672303599 9.371624830577201e-15
6785.752773506475 9.307175389529534e-15
6789.92882397696 9.355572892795743e-15
6794.104874447446 9.415067761335933e-15
6798.280924917931 9.391052527428783e-15
6802.456975388416 9.218809705892537e-15
6806.633025858901 9.340865137173832e-15
6810.809076329387 9.521309435779619e-15
6814.985126799872 9.375095587677648e-15
6819.161177270357 9.412589544254748e-15
6823.3372277408425 9.587476732204424e-15
6827.513278211328 9.878225720543197e-15
6831.689328681813 9.830832412799362e-15
6835.865379152298 9.526801263170195e-15
6840.041429622784 9.357210089608034e-15
6844.217480093269 9.52804350512142e-15
6848.393530563754 9.683606779540355e-15
6852.5695810342395 9.700418787057266e-15
6856.745631504725 9.358111222226382e-15
6860.92168197521 9.334948213646627e-15
6865.097732445695 8.708312026169887e-15
6869.273782916181 7.69749087599112e-15
6873.449833386666 7.31235482530868e-15
6877.625883857151 7.99794610286221e-15
6881.801934327636 8.72843020454087e-15
6885.977984798122 8.986473325517808e-15
6890.154035268607 8.619939263666992e-15
6894.330085739092 8.860295401571458e-15
6898.506136209578 8.835853718166978e-15
6902.682186680063 9.082926859344255e-15
6906.858237150548 9.40634446922422e-15
6911.034287621033 9.39372610653859e-15
6915.210338091519 9.21770781944621e-15
6919.386388562004 9.431138849272871e-15
6923.562439032489 9.522300241779472e-15
6927.738489502975 9.452025680256896e-15
6931.914539973461 9.54594294616651e-15
6936.090590443946 9.526190922878004e-15
6940.266640914431 9.483059760516635e-15
6944.4426913849165 9.559956457945264e-15
6948.618741855402 9.668283714489822e-15
6952.794792325887 9.696855120534348e-15
6956.970842796372 9.636904294042597e-15
6961.146893266858 9.727398582306678e-15
6965.322943737343 9.455225711175622e-15
6969.498994207828 9.547591233093615e-15
6973.6750446783135 9.283064619082665e-15
6977.851095148799 9.314066589762226e-15
6982.027145619284 9.391034549893805e-15
6986.203196089769 9.431690536766744e-15
6990.379246560255 9.503837433263824e-15
6994.55529703074 9.590308024930248e-15
6998.731347501225 9.370710474452577e-15
7002.90739797171 9.236610408306423e-15
7007.083448442196 9.262398382998028e-15
7011.259498912681 9.140558857389929e-15
7015.435549383166 9.06422252115373e-15
7019.611599853652 9.1189139819335e-15
7023.787650324137 9.140234445812359e-15
7027.963700794622 9.217982727253735e-15
7032.139751265107 9.58148800370247e-15
7036.315801735593 9.85010704079481e-15
7040.491852206078 9.517999023318172e-15
7044.667902676563 9.706447211618365e-15
7048.8439531470485 9.618731418844165e-15
7053.020003617534 9.589511671166474e-15
7057.196054088019 9.448062931981665e-15
7061.372104558504 9.40468395016999e-15
7065.54815502899 9.47073948452553e-15
7069.724205499475 9.598605607359979e-15
7073.90025596996 9.804470230530782e-15
7078.0763064404455 9.760011194675292e-15
7082.252356910931 9.28904528877555e-15
7086.428407381416 9.214279894408043e-15
7090.604457851901 9.537691862653561e-15
7094.780508322387 9.640928736271323e-15
7098.956558792872 9.499140151956545e-15
7103.132609263357 9.37314566169909e-15
7107.308659733843 9.35270243255828e-15
7111.484710204329 9.359255595259338e-15
7115.660760674814 9.566810541224391e-15
7119.836811145299 9.247569789152003e-15
7124.0128616157845 9.218212431820725e-15
7128.18891208627 9.297325246124576e-15
7132.364962556755 9.526325849922791e-15
7136.54101302724 9.58367555349863e-15
7140.717063497726 9.515101594777017e-15
7144.893113968211 9.447542271087313e-15
7149.069164438696 9.522156648142946e-15
7153.245214909181 9.579099003675262e-15
7157.421265379667 9.408098610906579e-15
7161.597315850152 9.245233359576145e-15
7165.773366320637 9.427940798000861e-15
7169.9494167911225 9.368814216318862e-15
7174.125467261608 9.100613251458483e-15
7178.301517732093 8.989479688046631e-15
7182.477568202578 8.960407276039154e-15
7186.653618673064 8.659694653933858e-15
7190.829669143549 8.779999199624646e-15
7195.005719614034 9.153701847668258e-15
7199.1817700845195 9.222469782874774e-15
7203.357820555005 9.188366296279155e-15
7207.53387102549 9.190205758875763e-15
7211.709921495975 9.370112550844737e-15
7215.885971966461 9.522157173108809e-15
7220.062022436946 9.517090087162236e-15
7224.238072907431 9.446415405727504e-15
7228.414123377916 9.416390062792218e-15
7232.590173848402 9.602326217821039e-15
7236.766224318887 9.39404238241393e-15
7240.942274789372 9.422785969408433e-15
7245.118325259858 9.494770419272566e-15
7249.294375730343 9.426120166318244e-15
7253.470426200828 9.299742606953024e-15
7257.646476671313 9.23309842384302e-15
7261.822527141799 9.154356166360247e-15
7265.998577612284 9.279912326309216e-15
7270.174628082769 9.234899342855156e-15
7274.3506785532545 9.349020674576307e-15
7278.52672902374 9.257720670708956e-15
7282.702779494225 9.177612203814705e-15
7286.878829964711 9.150856237733793e-15
7291.0548804351965 9.064532069376402e-15
7295.230930905682 9.012295219624229e-15
7299.406981376167 9.15626120014993e-15
7303.583031846652 9.167242811484191e-15
7307.759082317138 9.446859491475267e-15
7311.935132787623 9.25745632306845e-15
7316.111183258108 9.161276476710494e-15
7320.2872337285935 9.0687601364259e-15
7324.463284199079 9.30439676334112e-15
7328.639334669564 9.283563640945082e-15
7332.815385140049 9.099379581305019e-15
7336.991435610535 9.302320564023286e-15
7341.16748608102 9.328328473634526e-15
7345.343536551505 8.950338873238883e-15
7349.51958702199 9.133096448453961e-15
7353.695637492476 9.038773218942898e-15
7357.871687962961 8.75477970550828e-15
7362.047738433446 8.92254754464328e-15
7366.223788903932 9.279619166843417e-15
7370.399839374417 9.421497759804174e-15
7374.575889844902 9.241481938793953e-15
7378.751940315387 9.12915252226911e-15
7382.927990785873 9.009105878438515e-15
7387.104041256358 8.699837559596921e-15
7391.280091726843 9.124801425117715e-15
7395.4561421973285 8.971958759635471e-15
7399.632192667814 8.794634120627465e-15
7403.808243138299 8.730005652142179e-15
7407.984293608784 8.642762399247043e-15
7412.16034407927 8.552173716739296e-15
7416.336394549755 8.633718725458786e-15
7420.51244502024 8.874962636945922e-15
7424.6884954907255 8.744651072783262e-15
7428.864545961211 8.848162637569282e-15
7433.040596431696 8.876408871025016e-15
7437.216646902181 8.807764065052358e-15
7441.392697372667 8.710228930818386e-15
7445.568747843152 8.68349774787004e-15
7449.744798313637 8.734598595218152e-15
7453.920848784122 8.79913534541711e-15
7458.096899254608 8.66383214949216e-15
7462.272949725094 8.716950383396322e-15
7466.449000195579 8.808490975946679e-15
7470.625050666064 8.94174261940757e-15
7474.80110113655 8.837586743077901e-15
7478.977151607035 8.709688259814614e-15
7483.15320207752 8.705131757434474e-15
7487.329252548006 8.751547850899075e-15
7491.505303018491 8.590343152679203e-15
7495.681353488976 8.629914690778268e-15
7499.857403959461 8.811584702477772e-15
7504.033454429947 8.9066621393206e-15
7508.209504900432 8.854859874094e-15
7512.385555370917 8.930519882461281e-15
7516.5616058414025 8.914292389983486e-15
7520.737656311888 8.90835404201847e-15
7524.913706782373 9.110141338809153e-15
7529.089757252858 9.048348194778843e-15
7533.265807723344 8.917007090871078e-15
7537.441858193829 9.339627741821941e-15
7541.617908664314 9.305537705792972e-15
7545.7939591347995 9.489680002629349e-15
7549.970009605285 9.641273886442461e-15
7554.14606007577 9.50793806047072e-15
7558.322110546255 9.392427846257229e-15
7562.498161016741 9.545609280949775e-15
7566.674211487226 9.377795061760758e-15
7570.850261957711 9.514145922322768e-15
7575.026312428196 9.535741857590318e-15
7579.202362898682 9.664561092477966e-15
7583.378413369167 9.458293651515777e-15
7587.554463839652 9.390822180252527e-15
7591.730514310138 8.132107496062988e-15
7595.906564780623 5.5740296601252676e-15
7600.082615251108 3.2952660917982983e-15
7604.258665721593 2.3058847558566957e-15
7608.434716192079 2.800591277811151e-15
7612.610766662564 4.4307399175045765e-15
7616.786817133049 6.0551386423969265e-15
7620.9628676035345 6.150651664041913e-15
7625.13891807402 5.485740706756136e-15
7629.314968544505 5.0718297024866626e-15
7633.49101901499 5.205179548748331e-15
7637.667069485476 5.535255355039892e-15
7641.843119955962 5.9004889723314926e-15
7646.019170426447 6.468247281170508e-15
7650.195220896932 6.84518273180958e-15
7654.371271367418 7.102326267011367e-15
7658.547321837903 7.208101629128796e-15
7662.723372308388 7.391289808159097e-15
7666.8994227788735 7.95017882705443e-15
7671.075473249359 8.594243012444102e-15
7675.251523719844 8.868423100889752e-15
7679.427574190329 8.712731084206155e-15
7683.603624660815 8.899776825596011e-15
7687.7796751313 8.814180345415046e-15
7691.955725601785 8.614222730597427e-15
7696.13177607227 8.367653470338374e-15
7700.307826542756 8.473612416383931e-15
7704.483877013241 8.489701602133243e-15
7708.659927483726 8.296452495680257e-15
7712.835977954212 8.229780638940994e-15
7717.012028424697 8.318239211745075e-15
7721.188078895182 8.453256716516365e-15
7725.364129365667 8.314148738258647e-15
7729.540179836153 8.478493281267479e-15
7733.716230306638 8.41953487771013e-15
7737.892280777123 8.278929817771975e-15
7742.0683312476085 8.060072184004372e-15
7746.244381718094 7.81397108250385e-15
7750.420432188579 7.886973511371408e-15
7754.596482659064 8.444323734017532e-15
7758.77253312955 8.197342396122374e-15
7762.948583600035 8.181318286619534e-15
7767.12463407052 8.047940831367898e-15
7771.3006845410055 8.089056586581864e-15
7775.476735011491 8.063794235951264e-15
7779.652785481976 7.971070244374943e-15
7783.828835952461 7.949281633853246e-15
7788.004886422947 7.954307244540086e-15
7792.180936893432 7.922266483856346e-15
7796.356987363917 8.283908981101307e-15
7800.533037834402 8.403523416785411e-15
7804.709088304888 8.237031005519954e-15
7808.885138775373 8.062152659116733e-15
7813.061189245858 8.147072101871444e-15
7817.237239716344 8.315012384726602e-15
7821.41329018683 8.323926821444697e-15
7825.589340657315 8.12219287589049e-15
7829.7653911278 8.01291485462993e-15
7833.941441598286 7.854877412317168e-15
7838.117492068771 8.245131840095741e-15
7842.293542539256 8.255905607536548e-15
7846.469593009741 8.216235625578325e-15
7850.645643480227 8.14655305222171e-15
7854.821693950712 8.057345354002596e-15
7858.997744421197 7.924439577381072e-15
7863.1737948916825 7.928081042690409e-15
7867.349845362168 8.094165714339198e-15
7871.525895832653 8.074642946140625e-15
7875.701946303138 7.94755950574827e-15
7879.877996773624 7.910784203441515e-15
7884.054047244109 7.897157140993075e-15
7888.230097714594 7.877568011665826e-15
7892.4061481850795 7.934750543636995e-15
7896.582198655565 7.877920982157368e-15
7900.75824912605 7.6135631744184e-15
7904.934299596535 7.594401473727157e-15
7909.110350067021 7.577938165158637e-15
7913.286400537506 7.70605457822079e-15
7917.462451007991 7.809062616155185e-15
7921.638501478476 7.75887436571472e-15
7925.814551948962 7.610669967733148e-15
7929.990602419447 7.474318293029727e-15
7934.166652889932 7.455470249416814e-15
7938.3427033604175 7.439869243488852e-15
7942.518753830903 7.367022874121417e-15
7946.694804301388 7.392615395666744e-15
7950.870854771873 7.671116903958108e-15
7955.046905242359 7.621412817365895e-15
7959.222955712844 7.864013494136571e-15
7963.399006183329 7.763028354142047e-15
7967.5750566538145 7.796497806553214e-15
7971.7511071243 7.955733934836279e-15
7975.927157594785 7.875504369638992e-15
7980.10320806527 8.045212132471099e-15
7984.279258535756 7.813062022191736e-15
7988.455309006241 8.012288663651095e-15
7992.631359476726 7.490079755169823e-15
7996.807409947212 7.47450063713721e-15
8000.983460417698 7.704660517265078e-15
8005.159510888183 7.806992617519825e-15
8009.335561358668 7.801940495203451e-15
8013.5116118291535 7.905063499398183e-15
8017.687662299639 7.90152558446534e-15
8021.863712770124 7.873634140880004e-15
8026.039763240609 7.697019683127758e-15
8030.215813711095 7.78165648038011e-15
8034.39186418158 8.019858340797487e-15
8038.567914652065 7.842033464774736e-15
8042.74396512255 7.627594206946102e-15
8046.920015593036 7.633504998053093e-15
8051.096066063521 7.717800012224956e-15
8055.272116534006 7.845298427186159e-15
8059.448167004492 7.954011895503908e-15
8063.624217474977 7.751129467761163e-15
8067.800267945462 7.548402717550032e-15
8071.976318415947 7.618863935718637e-15
8076.152368886433 7.548642812360084e-15
8080.328419356918 7.580157984773966e-15
8084.504469827403 7.692359695099922e-15
8088.6805202978885 7.667380562755697e-15
8092.856570768374 7.542264848177062e-15
8097.032621238859 7.529277506384163e-15
8101.208671709344 7.704465022035695e-15
8105.38472217983 7.713028769254115e-15
8109.560772650315 7.705530792142986e-15
8113.7368231208 7.649175115476046e-15
8117.9128735912855 7.597043009773014e-15
8122.088924061771 7.604350137037909e-15
8126.264974532256 7.642584678383218e-15
8130.441025002741 7.543841188690259e-15
8134.617075473227 7.475303520422911e-15
8138.793125943712 7.650631965260529e-15
8142.969176414197 7.448204130727862e-15
8147.145226884682 7.431526100508389e-15
8151.321277355168 7.40998921189375e-15
8155.497327825653 7.348131265026993e-15
8159.673378296138 7.260480240029757e-15
8163.8494287666235 7.31096723517595e-15
8168.025479237109 7.690398273978356e-15
8172.201529707594 7.659909760252017e-15
8176.37758017808 7.0012006647771335e-15
8180.553630648566 7.228660410236822e-15
8184.729681119051 7.295977348008609e-15
8188.905731589536 7.213303452496213e-15
8193.08178206002 7.0914569962181906e-15
8197.257832530508 7.159014396618565e-15
8201.433883000991 7.426885580426918e-15
8205.609933471478 7.497184509583975e-15
8209.785983941962 7.539641472891803e-15
8213.962034412449 7.515327662420406e-15
8218.138084882932 7.524155155304339e-15
8222.31413535342 7.442233299073694e-15
8226.490185823903 7.090891566379347e-15
8230.66623629439 7.11211886584307e-15
8234.842286764873 7.474141216947327e-15
8239.01833723536 7.680081967529344e-15
8243.194387705844 7.729449108235905e-15
8247.370438176331 7.651395461314402e-15
8251.546488646814 7.574005970582295e-15
8255.722539117301 7.63064455939532e-15
8259.898589587785 7.64428244505283e-15
8264.074640058272 7.757050553469435e-15
8268.250690528756 7.634824498002826e-15
8272.426740999243 7.527561656683387e-15
8276.602791469726 7.607498395090826e-15
8280.778841940213 7.503223735016551e-15
8284.954892410697 7.551765055940538e-15
8289.130942881184 7.352246923566474e-15
8293.306993351667 7.386669922870058e-15
8297.483043822154 7.457391129852919e-15
8301.659094292638 7.258425750585178e-15
8305.835144763125 7.398645534055101e-15
8310.011195233608 7.525279624637519e-15
8314.187245704095 7.373694389035561e-15
8318.363296174579 7.233895958357462e-15
8322.539346645066 7.291096458841581e-15
8326.71539711555 7.343362560877257e-15
8330.891447586037 7.405586472947296e-15
8335.06749805652 7.303629930910955e-15
8339.243548527007 7.131734796693779e-15
8343.41959899749 7.090505101187916e-15
8347.595649467978 7.378453356531164e-15
8351.771699938461 7.586523544874804e-15
8355.947750408948 7.576313810186006e-15
8360.123800879433 7.398073545996567e-15
8364.299851349919 7.147410981255165e-15
8368.475901820404 7.426228189145703e-15
8372.65195229089 7.515182066040267e-15
8376.828002761375 7.280639454060012e-15
8381.00405323186 7.082738704860265e-15
8385.180103702345 7.099251642293362e-15
8389.35615417283 7.28998278173561e-15
8393.532204643316 7.445107371616148e-15
8397.708255113801 7.39053789386589e-15
8401.884305584286 7.564145104023347e-15
8406.060356054772 7.48960520061465e-15
8410.236406525257 7.44678297533185e-15
8414.412456995742 7.37717819581689e-15
8418.588507466227 7.514398753413621e-15
8422.764557936713 7.435615038498834e-15
8426.940608407198 7.272795899175879e-15
8431.116658877683 7.422896854690594e-15
8435.292709348169 7.14848964465156e-15
8439.468759818654 7.317947618136183e-15
8443.644810289139 7.42679055167572e-15
8447.820860759624 7.505025509883244e-15
8451.99691123011 7.630864926812185e-15
8456.172961700595 7.593734119265946e-15
8460.34901217108 7.414076670494625e-15
8464.525062641565 7.283842859495947e-15
8468.70111311205 7.35303326521382e-15
8472.877163582536 7.533574664865695e-15
8477.053214053021 7.549840249072593e-15
8481.229264523507 7.474243055482342e-15
8485.405314993992 7.63345760245168e-15
8489.581365464477 7.550670924037842e-15
8493.757415934962 7.0882919273736985e-15
8497.933466405448 7.097094918847608e-15
8502.109516875933 7.28060351517998e-15
8506.285567346418 7.394203373941736e-15
8510.461617816904 7.35151527965893e-15
8514.637668287389 7.135179783036572e-15
8518.813718757874 7.483803490581103e-15
8522.98976922836 7.149327736944189e-15
8527.165819698845 7.368579444574099e-15
8531.34187016933 7.0685947580449935e-15
8535.517920639817 6.547505225882469e-15
8539.6939711103 6.3824020029712274e-15
8543.870021580788 6.657775863991988e-15
8548.046072051271 7.114282678707071e-15
8552.222122521758 7.085108885957807e-15
8556.398172992242 7.167633264365472e-15
8560.574223462729 7.380852358229803e-15
8564.750273933212 7.2288546052469e-15
8568.9263244037 7.260222322292231e-15
8573.102374874183 7.495087733758702e-15
8577.27842534467 7.547241635084426e-15
8581.454475815153 7.394484759765277e-15
8585.63052628564 7.365289533044724e-15
8589.806576756124 7.46963165579869e-15
8593.982627226611 7.539334528697152e-15
8598.158677697094 7.393066888117884e-15
8602.334728167581 7.319931783706083e-15
8606.510778638065 7.231163468431115e-15
8610.686829108552 7.32166145473988e-15
8614.862879579036 7.461545000501419e-15
8619.038930049523 7.431191592119686e-15
8623.214980520006 7.33427497857234e-15
8627.391030990493 7.433493511903615e-15
8631.567081460977 7.321017498254602e-15
8635.743131931464 7.421546861130151e-15
8639.919182401947 7.138281303064834e-15
8644.095232872434 7.210570193898183e-15
8648.271283342918 7.28915108232083e-15
8652.447333813405 6.9632222973945786e-15
8656.623384283888 6.6258440808262455e-15
8660.799434754375 6.60408127989657e-15
8664.975485224859 6.826886786885505e-15
8669.151535695346 6.992805783822034e-15
8673.32758616583 6.9354779743929345e-15
8677.503636636317 7.341028903859714e-15
8681.6796871068 6.8840644555177516e-15
8685.855737577287 6.927827785331151e-15
8690.03178804777 7.018487640615802e-15
8694.207838518258 7.168379226834155e-15
8698.383888988741 7.211588281142273e-15
8702.559939459228 7.164479305698252e-15
8706.735989929712 7.278313843087003e-15
8710.912040400199 7.536056004839001e-15
8715.088090870684 7.670315749729667e-15
8719.26414134117 7.373841617985169e-15
8723.440191811655 7.395990567676623e-15
8727.61624228214 7.528273404825021e-15
8731.792292752625 7.387473273415878e-15
8735.96834322311 7.458963495773709e-15
8740.144393693596 7.675487663059583e-15
8744.320444164081 7.496932388141057e-15
8748.496494634566 7.322649544788646e-15
8752.672545105052 7.366347465174374e-15
8756.848595575537 7.525758376002254e-15
8761.024646046022 7.526451200663522e-15
8765.200696516507 7.490615173995495e-15
8769.376746986993 7.60529413353177e-15
8773.552797457478 7.539457954209526e-15
8777.728847927963 7.408215757074368e-15
8781.904898398448 7.454458194478182e-15
8786.080948868934 7.141161544829728e-15
8790.256999339419 7.430891013300515e-15
8794.433049809904 7.440094775465488e-15
8798.60910028039 7.094562795777457e-15
8802.785150750875 6.9656813040269335e-15
8806.96120122136 6.9585057980049995e-15
8811.137251691845 7.256385946217315e-15
8815.31330216233 7.380872377692517e-15
8819.489352632816 7.19678519156334e-15
8823.665403103301 7.242919081710174e-15
8827.841453573787 7.461704609624841e-15
8832.017504044272 7.384386728780577e-15
8836.193554514757 7.309766570461072e-15
8840.369604985242 7.556288823317511e-15
8844.545655455728 7.726611157398056e-15
8848.721705926213 7.569534689770276e-15
8852.897756396698 7.519607379515387e-15
8857.073806867184 7.363897173797742e-15
8861.249857337669 7.087035428170771e-15
8865.425907808154 7.209023962998384e-15
8869.60195827864 7.483680267189786e-15
8873.778008749125 7.352005135239509e-15
8877.95405921961 7.094188403659593e-15
8882.130109690095 7.186495283487892e-15
8886.30616016058 7.174781741426786e-15
8890.482210631068 7.364099636222382e-15
8894.658261101551 7.52582276555306e-15
8898.834311572038 7.546910714378233e-15
8903.010362042522 7.54056964025195e-15
8907.186412513009 7.542019874794254e-15
8911.362462983492 7.418940026400353e-15
8915.53851345398 7.264388765583809e-15
8919.714563924463 7.247720737018206e-15
8923.89061439495 7.223501297018455e-15
8928.066664865433 7.230428196948201e-15
8932.24271533592 7.006541265215878e-15
8936.418765806404 7.053625178262418e-15
8940.594816276891 7.237561405923925e-15
8944.770866747374 7.138678691436042e-15
8948.946917217861 7.123852160691051e-15
8953.122967688345 6.899935509451168e-15
8957.299018158832 7.28875330372501e-15
8961.475068629316 7.0095698401861326e-15
8965.651119099803 6.8878020509447414e-15
8969.827169570286 6.8607254744291295e-15
8974.003220040773 6.963162270590315e-15
8978.179270511257 6.9667523041682734e-15
8982.355320981744 6.7337163759444195e-15
8986.531371452227 6.409084023549821e-15
8990.707421922714 6.461878229701376e-15
8994.883472393198 6.466644435041757e-15
8999.059522863685 6.3529803218574236e-15
9003.235573334168 6.412557644052129e-15
9007.411623804655 6.468344663028717e-15
9011.587674275139 6.370102659916293e-15
9015.763724745626 6.359455825143611e-15
9019.93977521611 6.477036027918603e-15
9024.115825686597 6.638240845768008e-15
9028.29187615708 6.823134488637133e-15
9032.467926627567 7.107907240526038e-15
9036.64397709805 7.0781384991780706e-15
9040.820027568538 7.008674600983825e-15
9044.996078039021 7.346329649446937e-15
9049.172128509508 7.33167994821607e-15
9053.348178979992 7.130482965369194e-15
9057.524229450479 6.882640639590681e-15
9061.700279920962 6.730269976046203e-15
9065.87633039145 6.714531168713954e-15
9070.052380861935 6.517663382822056e-15
9074.22843133242 6.5490879804058165e-15
9078.404481802905 6.621606178060352e-15
9082.58053227339 6.6342713467749806e-15
9086.756582743876 6.792664013533024e-15
9090.932633214361 6.760878079288314e-15
9095.108683684846 6.773628607521728e-15
9099.284734155332 6.767288554404462e-15
9103.460784625817 6.738854439632003e-15
9107.636835096302 6.806621820084389e-15
9111.812885566787 6.9528702487357996e-15
9115.988936037273 6.4913111236879736e-15
9120.164986507758 7.236925488500256e-15
9124.341036978243 6.926320918318518e-15
9128.517087448728 6.399777699183203e-15
9132.693137919214 6.32572033225603e-15
9136.869188389699 6.525445252494662e-15
9141.045238860184 6.58999726528203e-15
9145.22128933067 6.444663471870347e-15
9149.397339801155 6.157733675628752e-15
9153.57339027164 6.174367117725765e-15
9157.749440742125 6.634773152412535e-15
9161.92549121261 6.503342265729122e-15
9166.101541683096 6.546036571456521e-15
9170.277592153581 6.2617557375364215e-15
9174.453642624067 6.410015589302246e-15
9178.629693094552 6.740119334256805e-15
9182.805743565037 6.806118062703869e-15
9186.981794035522 6.674915274879183e-15
9191.157844506008 6.502537790384977e-15
9195.333894976493 6.298722470725863e-15
9199.509945446978 6.8871895452614095e-15
