wavelength flux
3801.3875297062887 1.7095451490225344e-14
3805.422037327922 1.8862748493051724e-14
3809.456544949556 2.7482265110392036e-14
3813.49105257119 2.4566374583590405e-14
3817.5255601928234 2.4646443289273275e-14
3821.5600678144574 2.7795916392905956e-14
3825.594575436091 2.592941524497911e-14
3829.6290830577245 2.0744592627866365e-14
3833.663590679358 2.0657843404924913e-14
3837.6980983009917 2.3673428707342758e-14
3841.7326059226257 2.643071684338344e-14
3845.7671135442592 2.7715336746867616e-14
3849.8016211658933 3.058048014420319e-14
3853.836128787527 3.449604422036934e-14
3857.8706364091604 3.505747758924661e-14
3861.905144030794 3.122304188482522e-14
3865.9396516524275 3.629840382311629e-14
3869.9741592740615 3.67164578140188e-14
3874.008666895695 3.2029802311264017e-14
3878.043174517329 3.120640014386298e-14
3882.0776821389627 3.178756915433143e-14
3886.1121897605963 2.700287156089747e-14
3890.14669738223 2.7011448008686167e-14
3894.1812050038634 2.880589074908376e-14
3898.2157126254974 3.610771413295986e-14
3902.2502202471314 3.6640509608993284e-14
3906.284727868765 3.963995399397208e-14
3910.3192354903986 4.023072825544746e-14
3914.353743112032 3.799875605095036e-14
3918.3882507336657 3.784300527111443e-14
3922.4227583552997 3.551744071433124e-14
3926.4572659769333 2.9257725370218764e-14
3930.4917735985673 2.486538781537887e-14
3934.526281220201 1.910067885305396e-14
3938.5607888418344 2.3352816700260848e-14
3942.595296463468 3.263076115957424e-14
3946.6298040851016 3.5031573402968147e-14
3950.6643117067356 3.5829858362890895e-14
3954.698819328369 3.6758447163936247e-14
3958.733326950003 3.557852113904591e-14
3962.7678345716367 2.8754794372525854e-14
3966.8023421932703 2.22555342894787e-14
3970.836849814904 1.7717338562845373e-14
3974.8713574365374 2.6024874181879504e-14
3978.9058650581715 3.104607786271508e-14
3982.940372679805 3.461701348178617e-14
3986.974880301439 3.508088929494384e-14
3991.0093879230726 3.670306127613191e-14
3995.043895544706 4.176407127105199e-14
3999.0784031663397 4.0689526392802684e-14
4003.1129107879733 4.22519399991994e-14
4007.1474184096073 4.4113676370812905e-14
4011.181926031241 4.477364857906197e-14
4015.216433652875 4.5207943385445846e-14
4019.2509412745085 4.350970354998455e-14
4023.285448896142 4.195547371731116e-14
4027.3199565177756 4.248411541142458e-14
4031.354464139409 4.2210724547179205e-14
4035.388971761043 4.2856537569595236e-14
4039.423479382677 4.3157283427533996e-14
4043.457987004311 4.304655479318025e-14
4047.4924946259443 4.1714259386494597e-14
4051.527002247578 4.2705803800010394e-14
4055.5615098692115 4.252950768386847e-14
4059.5960174908455 4.0430590269660935e-14
4063.630525112479 4.132833543768785e-14
4067.665032734113 4.1368318963805576e-14
4071.6995403557466 4.0400196812267866e-14
4075.73404797738 3.9945391162145304e-14
4079.768555599014 3.9079227932975344e-14
4083.8030632206473 3.8254099692083527e-14
4087.8375708422814 3.827685481190081e-14
4091.872078463915 3.8195090120053256e-14
4095.906586085549 3.4887018900005535e-14
4099.9410937071825 3.017836210298071e-14
4103.975601328816 2.7786687260134672e-14
4108.01010895045 2.9746703963668064e-14
4112.044616572083 3.543573316915372e-14
4116.079124193717 3.9559920774698396e-14
4120.113631815351 3.9967148810055636e-14
4124.148139436985 4.004236561966552e-14
4128.182647058618 4.034949742376966e-14
4132.217154680252 3.9729355588223563e-14
4136.2516623018855 4.0245497834736116e-14
4140.286169923519 4.192302970401549e-14
4144.320677545153 4.274647152999827e-14
4148.355185166787 4.2576247592684306e-14
4152.389692788421 4.30585096361716e-14
4156.424200410054 4.110297593005295e-14
4160.458708031688 4.116820781066253e-14
4164.493215653321 4.2918926801741343e-14
4168.527723274956 4.2392933641023984e-14
4172.5622308965885 4.029006732597099e-14
4176.596738518223 3.8972883632049514e-14
4180.631246139857 3.95699016439225e-14
4184.66575376149 4.0386869618882093e-14
4188.700261383124 4.112691665792801e-14
4192.734769004757 4.223236814020412e-14
4196.769276626392 4.231785360510637e-14
4200.803784248024 4.165733987237094e-14
4204.838291869659 4.192304924378353e-14
4208.872799491292 4.316975921680363e-14
4212.907307112926 4.4128667182893113e-14
4216.94181473456 4.287231631391033e-14
4220.976322356193 4.0761079368265624e-14
4225.010829977828 3.983877919060127e-14
4229.04533759946 4.000957895135487e-14
4233.079845221095 4.0662844499933776e-14
4237.114352842728 4.0841484244700535e-14
4241.148860464362 4.120238679522645e-14
4245.183368085995 4.033367336037229e-14
4249.217875707629 4.1506976062952545e-14
4253.2523833292635 4.198117856831081e-14
4257.286890950896 4.2055128706944736e-14
4261.321398572531 4.246068097180878e-14
4265.355906194164 4.207427456932124e-14
4269.390413815798 4.159510144678252e-14
4273.424921437431 4.0031518353914454e-14
4277.459429059065 3.967530999962395e-14
4281.493936680699 4.1096594557547334e-14
4285.528444302333 4.081176301765856e-14
4289.5629519239665 3.969415767028613e-14
4293.5974595456 3.808406324144415e-14
4297.631967167234 3.870880318238609e-14
4301.666474788867 3.608905696248729e-14
4305.700982410501 3.530713716569507e-14
4309.735490032135 3.66703771686071e-14
4313.769997653769 3.7203266930312804e-14
4317.804505275402 3.9688970958913866e-14
4321.839012897036 3.9410655970137066e-14
4325.8735205186695 3.6442868433793446e-14
4329.908028140303 3.5026497899106876e-14
4333.942535761937 3.318134653023364e-14
4337.977043383571 2.9003401668898805e-14
4342.011551005205 2.6030043317507094e-14
4346.046058626838 2.9311012837743546e-14
4350.080566248472 3.4376815811725717e-14
4354.115073870105 3.4811572798896913e-14
4358.149581491739 3.886170052937208e-14
4362.1840891133725 3.951003928579874e-14
4366.218596735007 4.037134654637743e-14
4370.2531043566405 3.991559072588755e-14
4374.287611978274 4.083973144641425e-14
4378.322119599908 3.9260097050901385e-14
4382.356627221541 3.9371385818554075e-14
4386.391134843175 3.8859742832369046e-14
4390.425642464808 3.992302182991544e-14
4394.460150086443 4.015513188924391e-14
4398.494657708076 4.029408773440549e-14
4402.52916532971 4.0096977795301004e-14
4406.5636729513435 3.9996867557436305e-14
4410.598180572977 4.0605219568789765e-14
4414.632688194611 4.043802921820012e-14
4418.667195816244 4.0058593357240756e-14
4422.701703437879 4.092677136338867e-14
4426.736211059512 4.109541970111915e-14
4430.770718681146 4.026779798408672e-14
4434.805226302779 4.063960232885828e-14
4438.839733924413 4.0597687075099336e-14
4442.874241546047 4.046106538182794e-14
4446.90874916768 3.9965348892074163e-14
4450.943256789315 3.989721881275647e-14
4454.977764410948 3.83801246307818e-14
4459.012272032582 3.8325925254215546e-14
4463.046779654215 3.8902812200892185e-14
4467.081287275849 3.9960860718303006e-14
4471.115794897483 4.0537667849198226e-14
4475.150302519116 4.120757824419607e-14
4479.18481014075 4.1142733820103106e-14
4483.219317762384 3.992797805728978e-14
4487.253825384018 4.014308594932648e-14
4491.288333005651 4.0338783080623976e-14
4495.322840627285 4.125407336606437e-14
4499.357348248919 4.133999546568762e-14
4503.391855870552 4.170081857104982e-14
4507.426363492186 4.313421078302217e-14
4511.46087111382 4.323616159377441e-14
4515.495378735453 4.2249889058861984e-14
4519.529886357087 4.0823001501767625e-14
4523.564393978721 4.04889648033471e-14
4527.598901600355 3.977362982102373e-14
4531.633409221988 3.890088265264578e-14
4535.667916843622 3.952403247065657e-14
4539.702424465256 4.0275263223760005e-14
4543.736932086889 4.003242042260778e-14
4547.771439708523 3.91192486022883e-14
4551.805947330156 3.856414948852877e-14
4555.840454951791 3.839614471108155e-14
4559.8749625734235 3.9176762360131644e-14
4563.909470195058 4.1232725229216113e-14
4567.943977816692 4.102070970975111e-14
4571.978485438325 4.070579193879035e-14
4576.01299305996 4.08235171272061e-14
4580.047500681592 4.02319462819335e-14
4584.082008303227 3.9149714925889027e-14
4588.116515924859 3.809301229989895e-14
4592.151023546494 3.9109100884349906e-14
4596.185531168127 3.990721984314068e-14
4600.220038789761 4.0084716956126744e-14
4604.2545464113955 4.078073012250894e-14
4608.289054033028 4.0940489680504196e-14
4612.323561654663 4.039597327488537e-14
4616.358069276295 4.064291999728523e-14
4620.39257689793 4.1139401713223466e-14
4624.427084519563 4.111633107629297e-14
4628.461592141197 4.0889078007712685e-14
4632.496099762831 4.078781268764799e-14
4636.530607384464 4.035404202028516e-14
4640.5651150060985 3.9291508954330825e-14
4644.599622627732 3.9361261483839035e-14
4648.634130249366 3.9246462116587106e-14
4652.668637870999 4.0122306668948985e-14
4656.703145492633 4.0386407352134705e-14
4660.737653114267 4.1241954185430646e-14
4664.7721607359 3.8117340938770294e-14
4668.806668357534 3.897864010292046e-14
4672.841175979168 3.832632584886749e-14
4676.8756836008015 3.953112507089788e-14
4680.910191222435 4.0181382645466114e-14
4684.944698844069 3.969296599559844e-14
4688.979206465703 3.968727280788423e-14
4693.013714087336 3.971899236098292e-14
4697.04822170897 3.934509524329531e-14
4701.082729330604 3.908273116511451e-14
4705.117236952237 3.82837978114166e-14
4709.151744573871 3.7389743631616707e-14
4713.1862521955045 3.85552460280309e-14
4717.220759817139 4.0689907030619124e-14
4721.255267438772 4.038408337229944e-14
4725.289775060406 3.953671460164523e-14
4729.32428268204 3.865748478343235e-14
4733.358790303673 3.7781530545609334e-14
4737.393297925307 3.911948653567821e-14
4741.42780554694 3.959779326967583e-14
4745.462313168575 3.942380174147465e-14
4749.4968207902075 4.014436763118193e-14
4753.531328411842 3.936077869395275e-14
4757.5658360334755 3.844368475223936e-14
4761.600343655109 3.8270082237858396e-14
4765.634851276743 3.8191747532645365e-14
4769.669358898376 3.8979054538618665e-14
4773.703866520011 3.99175433447832e-14
4777.738374141643 4.030790224762978e-14
4781.772881763278 4.0382952071391457e-14
4785.807389384911 3.988677908950069e-14
4789.841897006545 4.01748622110516e-14
4793.8764046281785 4.042438494135835e-14
4797.910912249812 4.112717929264386e-14
4801.945419871447 4.121999898877496e-14
4805.979927493079 4.080077070014003e-14
4810.014435114714 4.173364892948287e-14
4814.048942736347 4.185033082917496e-14
4818.083450357981 4.18338791906859e-14
4822.117957979615 4.2001511456316594e-14
4826.152465601248 4.1582101367382544e-14
4830.186973222882 4.1447209630258805e-14
4834.221480844515 4.173946079710273e-14
4838.25598846615 4.109165446407646e-14
4842.290496087783 3.9707917338276965e-14
4846.325003709417 3.910610482185935e-14
4850.359511331051 3.78127177819732e-14
4854.394018952684 3.389589192253395e-14
4858.428526574318 2.9509384955426016e-14
4862.463034195951 2.6697137739805697e-14
4866.497541817585 2.984524364261518e-14
4870.532049439219 3.3509324685405176e-14
4874.566557060853 3.599107109345088e-14
4878.601064682487 3.755438252862133e-14
4882.63557230412 3.821093146058355e-14
4886.670079925754 3.8559723511875674e-14
4890.704587547388 3.848688380072659e-14
4894.739095169021 3.9852654789444477e-14
4898.773602790655 4.108802228573185e-14
4902.808110412288 4.0253062927421234e-14
4906.842618033923 3.9430993592876176e-14
4910.877125655556 3.968382810891205e-14
4914.91163327719 3.919800385496291e-14
4918.946140898824 3.815337127015415e-14
4922.980648520457 3.7044967856862483e-14
4927.015156142091 3.8869950886391615e-14
4931.049663763724 3.7995575712631595e-14
4935.084171385359 3.7288526991106185e-14
4939.118679006991 3.680026512230508e-14
4943.153186628626 3.7927743721041e-14
4947.1876942502595 3.8529347873438664e-14
4951.222201871893 3.825682496855945e-14
4955.256709493527 3.7727335714410587e-14
4959.29121711516 3.7290222700079466e-14
4963.325724736795 3.7178398706411925e-14
4967.360232358427 3.7031517367624636e-14
4971.394739980062 3.771398217638893e-14
4975.429247601695 3.710140486733504e-14
4979.463755223329 3.600407671012987e-14
4983.4982628449625 3.5259364806486406e-14
4987.532770466596 3.5323068942450436e-14
4991.5672780882305 3.666131278763101e-14
4995.601785709863 3.6850005249060775e-14
4999.636293331498 3.6134902102959444e-14
5003.670800953131 3.552292929953553e-14
5007.705308574765 3.490873904908461e-14
5011.739816196398 3.461852664860516e-14
5015.774323818032 3.464792993399057e-14
5019.808831439666 3.4578524694514274e-14
5023.843339061299 3.5224591832416485e-14
5027.8778466829335 3.570437057551205e-14
5031.912354304567 3.56793811558612e-14
5035.946861926201 3.58047351885507e-14
5039.981369547834 3.430847751720267e-14
5044.015877169468 3.488625017062271e-14
5048.050384791102 3.5307811989793307e-14
5052.084892412735 3.614548716693456e-14
5056.119400034369 3.6657237396748016e-14
5060.153907656003 3.688158547301291e-14
5064.1884152776365 3.682304893395961e-14
5068.222922899271 3.632466140499569e-14
5072.257430520904 3.557172924649426e-14
5076.291938142538 3.457826092451599e-14
5080.326445764171 3.505165039828966e-14
5084.360953385805 3.4642075595383734e-14
5088.395461007439 3.640333645958136e-14
5092.429968629072 3.6568408027865336e-14
5096.464476250707 3.615775066770138e-14
5100.4989838723395 3.54627204266171e-14
5104.533491493974 3.582396772639432e-14
5108.567999115607 3.6479441203582867e-14
5112.602506737241 3.615871216854375e-14
5116.637014358875 3.5801672044372124e-14
5120.671521980508 3.6072841504476326e-14
5124.706029602143 3.5584527528314175e-14
5128.740537223775 3.48420748486602e-14
5132.77504484541 3.4868789414506373e-14
5136.809552467043 3.507210625295275e-14
5140.844060088677 3.5154166722730527e-14
5144.878567710311 3.517032044130927e-14
5148.913075331944 3.503299900389901e-14
5152.947582953579 3.5005857619456656e-14
5156.982090575211 3.514313369902891e-14
5161.016598196846 3.457093081839631e-14
5165.051105818479 3.3364368692305964e-14
5169.085613440113 3.182997555702849e-14
5173.120121061746 3.2383008315886265e-14
5177.15462868338 3.339915760082559e-14
5181.1891363050145 3.3122006858861425e-14
5185.223643926647 3.3209455894793914e-14
5189.258151548282 3.29031510479763e-14
5193.292659169915 3.342145589065771e-14
5197.327166791549 3.3632671663341356e-14
5201.361674413182 3.393459398392622e-14
5205.396182034816 3.41668401568884e-14
5209.43068965645 3.388786446798961e-14
5213.465197278083 3.420705140905421e-14
5217.4997048997175 3.3953252122475456e-14
5221.534212521351 3.492076462079042e-14
5225.568720142985 3.414230076461671e-14
5229.603227764618 3.361362278523402e-14
5233.637735386252 3.363965330062471e-14
5237.672243007886 3.451841167736818e-14
5241.706750629519 3.53049578818264e-14
5245.741258251153 3.5144190682266895e-14
5249.775765872787 3.488494711112033e-14
5253.8102734944205 3.5121831624171365e-14
5257.844781116054 3.457650758502319e-14
5261.879288737688 3.305031837398183e-14
5265.913796359322 3.2062714515454415e-14
5269.948303980955 3.112900312487673e-14
5273.982811602589 3.1725224777524825e-14
5278.017319224223 3.300500138883899e-14
5282.051826845856 3.363077638082046e-14
5286.08633446749 3.446315086095796e-14
5290.1208420891235 3.520621681467194e-14
5294.155349710758 3.507514366279589e-14
5298.189857332391 3.413382254117521e-14
5302.224364954025 3.399270444969773e-14
5306.258872575659 3.443730807344637e-14
5310.293380197292 3.4702856753287586e-14
5314.327887818927 3.385486371432724e-14
5318.362395440559 3.386283452930493e-14
5322.396903062194 3.41405562591465e-14
5326.4314106838265 3.3294484856877726e-14
5330.465918305461 3.321743683875302e-14
5334.5004259270945 3.3354684683700755e-14
5338.534933548728 3.333947288445285e-14
5342.569441170363 3.341660649136694e-14
5346.603948791995 3.375753256321191e-14
5350.63845641363 3.4598323659813615e-14
5354.672964035262 3.48832740554383e-14
5358.707471656897 3.4601525705354686e-14
5362.74197927853 3.3595626114561595e-14
5366.776486900164 3.339019796137833e-14
5370.810994521798 3.314764775224056e-14
5374.845502143431 3.3692855422094956e-14
5378.880009765066 3.3991769812596524e-14
5382.914517386699 3.343594807996901e-14
5386.949025008333 3.3969059690496506e-14
5390.983532629966 3.3777791854979366e-14
5395.0180402516 3.348645808543747e-14
5399.052547873234 3.318509657945896e-14
5403.087055494867 3.310494429759227e-14
5407.121563116501 3.256277791950754e-14
5411.156070738135 3.293466827007004e-14
5415.190578359769 3.345050300074137e-14
5419.225085981402 3.3520419375563e-14
5423.259593603036 3.317882518945358e-14
5427.29410122467 3.323401348663587e-14
5431.328608846303 3.290788225812047e-14
5435.363116467937 3.337277087151494e-14
5439.397624089571 3.3902665389848136e-14
5443.432131711204 3.347129989706051e-14
5447.466639332838 3.368782764067875e-14
5451.501146954472 3.354240405040689e-14
5455.535654576106 3.339388161931655e-14
5459.570162197739 3.349388435243613e-14
5463.604669819373 3.3542351742901807e-14
5467.639177441007 3.349796011149846e-14
5471.67368506264 3.355744658458161e-14
5475.708192684274 3.349698898264912e-14
5479.742700305907 3.274254201573887e-14
5483.777207927542 3.348781745876031e-14
5487.811715549175 3.376157190531871e-14
5491.846223170809 3.3786681232165196e-14
5495.880730792443 3.3718725532798993e-14
5499.915238414076 3.311539068847223e-14
5503.94974603571 3.2667782017620606e-14
5507.984253657343 3.330145622636861e-14
5512.018761278978 3.315735641138555e-14
5516.05326890061 3.347638801100282e-14
5520.087776522245 3.350068424033522e-14
5524.1222841438785 3.268760423955899e-14
5528.156791765512 3.250037132356304e-14
5532.191299387146 3.279518780871731e-14
5536.225807008779 3.304718657060667e-14
5540.260314630414 3.321401106081912e-14
5544.294822252046 3.3308100207590887e-14
5548.329329873681 3.292896284319643e-14
5552.363837495314 3.373816846851134e-14
5556.398345116948 3.340781074561917e-14
5560.4328527385815 3.3181668326068145e-14
5564.467360360215 3.2669756324945805e-14
5568.5018679818495 3.2734010983901697e-14
5572.536375603482 3.248880887125297e-14
5576.570883225117 3.295346135581499e-14
5580.60539084675 3.267280022961734e-14
5584.639898468384 3.2679763813948075e-14
5588.674406090018 3.158675218462388e-14
5592.708913711651 3.1883838727097346e-14
5596.743421333285 3.200263210945817e-14
5600.777928954918 3.1996194215219493e-14
5604.8124365765525 3.247830442497775e-14
5608.846944198186 3.270113015287548e-14
5612.88145181982 3.286827621280313e-14
5616.915959441454 3.2552631610801636e-14
5620.950467063087 3.19738383373953e-14
5624.984974684721 3.238958244129175e-14
5629.019482306355 3.2104337832451824e-14
5633.053989927988 3.22122614851215e-14
5637.088497549622 3.236635134790026e-14
5641.1230051712555 3.166979101869039e-14
5645.15751279289 3.239511514398569e-14
5649.192020414523 3.270895535119557e-14
5653.226528036157 3.211407488128048e-14
5657.261035657791 3.157030688709142e-14
5661.295543279424 3.143445918625428e-14
5665.330050901058 3.195648498614883e-14
5669.364558522691 3.166765764259546e-14
5673.399066144326 3.197606521452285e-14
5677.4335737659585 3.25995396121994e-14
5681.468081387593 3.243193220541056e-14
5685.5025890092265 3.213969657342989e-14
5689.53709663086 3.188223633638451e-14
5693.571604252494 3.192078162677057e-14
5697.606111874127 3.25175776088037e-14
5701.640619495762 3.2020149201353594e-14
5705.675127117394 3.144901332782571e-14
5709.709634739029 3.126702946162968e-14
5713.744142360662 3.1463036018638166e-14
5717.778649982296 3.165717678848867e-14
5721.8131576039295 3.17863967797109e-14
5725.847665225563 3.1880307572125846e-14
5729.882172847198 3.199116410493137e-14
5733.91668046883 3.247982455467594e-14
5737.951188090465 3.2421813931816086e-14
5741.985695712098 3.187129403244699e-14
5746.020203333732 3.186919313270748e-14
5750.054710955365 3.1436269338288155e-14
5754.089218576999 3.1281012586339865e-14
5758.123726198633 3.122355676454537e-14
5762.158233820266 3.1257684325824385e-14
5766.192741441901 3.101089445891724e-14
5770.227249063534 3.0992894317484126e-14
5774.261756685168 3.179348702626083e-14
5778.296264306801 3.1091965379875883e-14
5782.330771928435 3.0514816335324177e-14
5786.365279550069 3.079113846474355e-14
5790.399787171702 3.0867319640285916e-14
5794.434294793336 3.085680882881108e-14
5798.46880241497 3.108730773366653e-14
5802.503310036604 3.150618143917713e-14
5806.537817658237 3.1576704120134046e-14
5810.572325279871 3.105914816167754e-14
5814.606832901505 3.119255366160499e-14
5818.641340523138 3.178351740105119e-14
5822.675848144772 3.148046215749663e-14
5826.710355766406 3.1645611898087644e-14
5830.744863388039 3.1712742543681746e-14
5834.779371009674 3.1587902073426744e-14
5838.813878631307 3.1386342245215565e-14
5842.848386252941 3.131128836979233e-14
5846.882893874574 3.1502495535603117e-14
5850.917401496208 3.127168765126095e-14
5854.951909117842 3.07886403768578e-14
5858.986416739475 3.071315406856198e-14
5863.02092436111 3.1134669326546915e-14
5867.055431982742 3.1454493966228763e-14
5871.089939604377 3.152896134121822e-14
5875.1244472260105 3.1521012863456617e-14
5879.158954847644 3.13568928617727e-14
5883.193462469278 3.099024381356213e-14
5887.227970090911 2.875353600154027e-14
5891.262477712546 2.777309298516535e-14
5895.296985334178 2.815913591898306e-14
5899.331492955813 2.9188112244780244e-14
5903.366000577446 3.007785823114795e-14
5907.40050819908 3.0491117841923153e-14
5911.4350158207135 3.0369093381707155e-14
5915.469523442347 2.975346915308684e-14
5919.5040310639815 3.069871695352883e-14
5923.538538685614 3.066310617168076e-14
5927.573046307249 3.0684906345110214e-14
5931.607553928882 3.051137697751292e-14
5935.642061550516 3.035967773536347e-14
5939.676569172149 3.0224191851176915e-14
5943.711076793783 2.998203556680669e-14
5947.745584415417 2.9975664132148344e-14
5951.78009203705 3.041719306546244e-14
5955.8145996586845 3.0193208520868414e-14
5959.849107280318 3.056540854645376e-14
5963.883614901952 3.018130089221585e-14
5967.918122523585 3.0163445866412186e-14
5971.952630145219 3.029850636355206e-14
5975.987137766853 3.012488465536782e-14
5980.021645388486 2.99622736438706e-14
5984.05615301012 2.958363353983092e-14
5988.090660631754 2.9412119549785893e-14
5992.1251682533875 3.0034403588770743e-14
5996.159675875021 2.985576634058501e-14
6000.194183496655 2.953881815827672e-14
6004.228691118289 2.9565268247322106e-14
6008.263198739922 2.9874427122662823e-14
6012.297706361556 2.990115940654954e-14
6016.33221398319 2.946533894830598e-14
6020.366721604823 2.918543674700266e-14
6024.401229226457 2.884650031101742e-14
6028.4357368480905 2.9887202672614935e-14
6032.470244469725 3.006387811946939e-14
6036.504752091358 2.970198010580873e-14
6040.539259712992 2.940871919549699e-14
6044.573767334626 2.938443543228367e-14
6048.608274956259 2.9522232622650265e-14
6052.642782577893 2.969992115631766e-14
6056.677290199526 3.013846764831017e-14
6060.711797821161 2.916853223108435e-14
6064.7463054427935 2.945375996646707e-14
6068.780813064428 2.9923579575026986e-14
6072.815320686062 2.9976359109010014e-14
6076.849828307695 2.9893277001911753e-14
6080.88433592933 2.983501794441628e-14
6084.918843550962 2.9301781000556564e-14
6088.953351172597 2.8916872255790717e-14
6092.987858794229 2.937964389964277e-14
6097.022366415864 2.9400642575769756e-14
6101.056874037497 2.8939947022510516e-14
6105.091381659131 2.879868782088113e-14
6109.1258892807655 2.9174721140441865e-14
6113.160396902398 2.9357425347476105e-14
6117.194904524033 2.9007446513682183e-14
6121.229412145665 2.935374990827675e-14
6125.2639197673 2.876273586158083e-14
6129.298427388933 2.85884498790421e-14
6133.332935010567 2.8267847597289293e-14
6137.367442632201 2.7932420696082937e-14
6141.401950253834 2.792278362837608e-14
6145.4364578754685 2.824702504037159e-14
6149.470965497102 2.8379924706626667e-14
6153.505473118736 2.841882911331719e-14
6157.539980740369 2.786873129019813e-14
6161.574488362003 2.7756826642824236e-14
6165.608995983637 2.7489173695654637e-14
6169.64350360527 2.773423578372531e-14
6173.678011226904 2.8219789659790196e-14
6177.712518848538 2.826493043785688e-14
6181.7470264701715 2.9052913883337916e-14
6185.781534091805 2.9137772324854416e-14
6189.816041713439 2.8425999519283524e-14
6193.850549335073 2.851926394046156e-14
6197.885056956706 2.88119869785243e-14
6201.91956457834 2.8919243686506975e-14
6205.954072199974 2.876986883022863e-14
6209.988579821607 2.8677044096976217e-14
6214.023087443241 2.852020991121863e-14
6218.0575950648745 2.7998032328556157e-14
6222.092102686509 2.823644445015212e-14
6226.126610308142 2.811468790540664e-14
6230.161117929776 2.796227044815212e-14
6234.19562555141 2.7869023874525243e-14
6238.230133173043 2.7685710189635348e-14
6242.264640794677 2.743916714142956e-14
6246.29914841631 2.7470101835964367e-14
6250.333656037945 2.7483549607062326e-14
6254.3681636595775 2.754472294185778e-14
6258.402671281212 2.7856107320907197e-14
6262.4371789028455 2.80623328372748e-14
6266.471686524479 2.7961846648877355e-14
6270.506194146113 2.7841699026146736e-14
6274.540701767746 2.787456814396543e-14
6278.575209389381 2.7066042406317546e-14
6282.609717011013 2.6253250056141716e-14
6286.644224632648 2.684194865066541e-14
6290.678732254281 2.71173341492718e-14
6294.713239875915 2.7037520558419737e-14
6298.7477474975485 2.6908701180621158e-14
6302.782255119182 2.6953926139910002e-14
6306.816762740817 2.7276651092571636e-14
6310.851270362449 2.705691298473473e-14
6314.885777984084 2.7255038710660183e-14
6318.920285605717 2.6948164641263005e-14
6322.954793227351 2.715643945746676e-14
6326.989300848985 2.7818098133295913e-14
6331.023808470618 2.7887400093452388e-14
6335.058316092252 2.7492265388262896e-14
6339.092823713885 2.7513383583846906e-14
6343.12733133552 2.6621675622110786e-14
6347.161838957153 2.6882036549727243e-14
6351.196346578787 2.725021847232119e-14
6355.230854200421 2.76273029479214e-14
6359.265361822054 2.722977020664505e-14
6363.299869443688 2.690965515644717e-14
6367.334377065321 2.7102503253776263e-14
6371.368884686955 2.7074798281825e-14
6375.403392308589 2.7229304996488938e-14
6379.437899930223 2.748696646311121e-14
6383.472407551857 2.7557344716897842e-14
6387.50691517349 2.7466402062620864e-14
6391.541422795124 2.764141628307207e-14
6395.575930416758 2.7496512346980453e-14
6399.610438038391 2.6865230885769243e-14
6403.644945660025 2.7093613369687254e-14
6407.679453281658 2.7438587410393892e-14
6411.713960903293 2.6786606595649035e-14
6415.748468524926 2.6393019837829122e-14
6419.78297614656 2.645118448470408e-14
6423.817483768194 2.6711809426773494e-14
6427.851991389827 2.692436403049333e-14
6431.886499011461 2.6948650591865627e-14
6435.921006633094 2.6052328186224242e-14
6439.955514254729 2.65940083808962e-14
6443.990021876361 2.6358535776039914e-14
6448.024529497996 2.6739012968333766e-14
6452.0590371196295 2.66923766791422e-14
6456.093544741263 2.6376336183972672e-14
6460.128052362897 2.6004684000959494e-14
6464.16255998453 2.613195671762847e-14
6468.197067606165 2.5885530836598347e-14
6472.231575227797 2.616420628758048e-14
6476.266082849432 2.582109333306764e-14
6480.300590471065 2.6045335032570774e-14
6484.335098092699 2.6130230675497274e-14
6488.3696057143325 2.600231680544576e-14
6492.404113335966 2.5705927583475083e-14
6496.4386209576005 2.5174696556955636e-14
6500.473128579233 2.5250056522178432e-14
6504.507636200868 2.5625929840921978e-14
6508.542143822501 2.620671598613205e-14
6512.576651444135 2.6195478996102482e-14
6516.611159065768 2.5522308820495214e-14
6520.645666687402 2.516337883412362e-14
6524.680174309036 2.5593088962248904e-14
6528.714681930669 2.584837041715912e-14
6532.7491895523035 2.518869146944113e-14
6536.783697173937 2.448035936075922e-14
6540.818204795571 2.454357692430099e-14
6544.852712417204 2.4618290367218234e-14
6548.887220038838 2.4044797783814034e-14
6552.921727660472 2.2756871099072982e-14
6556.956235282105 2.1106844754019262e-14
6560.990742903739 1.88138353666138e-14
6565.025250525373 1.7794520559888985e-14
6569.0597581470065 1.959348292040565e-14
6573.09426576864 2.2067241829789706e-14
6577.128773390274 2.3584600295925212e-14
6581.163281011908 2.4208809344992077e-14
6585.197788633542 2.4646887557006825e-14
6589.232296255175 2.5021048371871313e-14
6593.266803876809 2.451294952323565e-14
6597.301311498442 2.447070043645196e-14
6601.335819120076 2.4899577031726667e-14
6605.3703267417095 2.4957297139567123e-14
6609.404834363344 2.5222770603133648e-14
6613.439341984978 2.547622466400061e-14
6617.473849606611 2.527023078747147e-14
6621.508357228245 2.5351430024943285e-14
6625.542864849878 2.5433283561047558e-14
6629.577372471512 2.5692431730351868e-14
6633.611880093145 2.5364553709299253e-14
6637.64638771478 2.5282750986630052e-14
6641.680895336413 2.5484128533080444e-14
6645.715402958047 2.558568360771025e-14
6649.7499105796805 2.537968625965905e-14
6653.784418201314 2.593153172017777e-14
6657.818925822948 2.5598957529065512e-14
6661.853433444582 2.5684736081845594e-14
6665.887941066216 2.5294344536289327e-14
6669.922448687849 2.5146348255090123e-14
6673.956956309483 2.5268342557518055e-14
6677.991463931116 2.5314206342006516e-14
6682.02597155275 2.5367225512783454e-14
6686.0604791743835 2.5277960882207563e-14
6690.094986796018 2.5740200316955945e-14
6694.129494417652 2.5609452343652333e-14
6698.164002039285 2.5311118318943856e-14
6702.198509660919 2.514919988796429e-14
6706.233017282552 2.512979903240679e-14
6710.267524904186 2.5208734215594623e-14
6714.302032525819 2.5240060171648443e-14
6718.336540147454 2.5272126082381557e-14
6722.371047769087 2.5415722462336096e-14
6726.405555390721 2.509543858665867e-14
6730.440063012355 2.4974283096467587e-14
6734.474570633988 2.5137111972855492e-14
6738.509078255622 2.5454174718570178e-14
6742.543585877255 2.577324978755759e-14
6746.57809349889 2.539855872142477e-14
6750.612601120523 2.5075533011818937e-14
6754.647108742157 2.4719773860551156e-14
6758.68161636379 2.490411927404693e-14
6762.716123985424 2.5201791013467978e-14
6766.750631607058 2.5196115606131117e-14
6770.785139228691 2.5138017576651126e-14
6774.819646850326 2.493379651490443e-14
6778.854154471959 2.4859750278154455e-14
6782.888662093593 2.5133902433644066e-14
6786.923169715226 2.5375757366810374e-14
6790.95767733686 2.52901295815105e-14
6794.992184958493 2.5100627933922015e-14
6799.026692580128 2.509776567576577e-14
6803.0612002017615 2.498398618858689e-14
6807.095707823395 2.487322119466932e-14
6811.130215445029 2.533705262621739e-14
6815.164723066662 2.5735536061213402e-14
6819.199230688296 2.5666845365544344e-14
6823.233738309929 2.5420515327304873e-14
6827.268245931564 2.5381711601663723e-14
6831.302753553197 2.543590923773232e-14
6835.337261174831 2.5234901308066877e-14
6839.3717687964645 2.5287659348077438e-14
6843.406276418098 2.5193824737328255e-14
6847.440784039732 2.549181445649352e-14
6851.475291661365 2.5590695331167016e-14
6855.509799283 2.5368220016221554e-14
6859.544306904633 2.5074091063619416e-14
6863.578814526267 2.4049030449350125e-14
6867.6133221479 2.155955448891716e-14
6871.647829769534 1.9088531075511255e-14
6875.6823373911675 1.928761192833065e-14
6879.716845012801 2.103678537614192e-14
6883.7513526344355 2.2694623643877447e-14
6887.785860256069 2.3140528847976393e-14
6891.820367877703 2.289489207923513e-14
6895.854875499336 2.229094444569351e-14
6899.88938312097 2.2598325573949504e-14
6903.923890742603 2.317431745009333e-14
6907.958398364238 2.3457227131781836e-14
6911.992905985871 2.380013256903665e-14
6916.027413607505 2.4188874261153863e-14
6920.0619212291385 2.4020950025526994e-14
6924.096428850772 2.4570232110670352e-14
6928.130936472406 2.4180295603228787e-14
6932.165444094039 2.396473891849256e-14
6936.199951715674 2.394583477719698e-14
6940.234459337307 2.4119401524545848e-14
6944.268966958941 2.413639127058639e-14
6948.303474580574 2.3931140956736288e-14
6952.337982202208 2.4196959455541553e-14
6956.3724898238415 2.4303146617843374e-14
6960.406997445475 2.382902752370909e-14
6964.44150506711 2.401826380953838e-14
6968.476012688743 2.4045898624768903e-14
6972.510520310377 2.4205377960485103e-14
6976.54502793201 2.4491602839746066e-14
6980.579535553644 2.368578182571942e-14
6984.614043175277 2.362161794899263e-14
6988.648550796911 2.3383908431154418e-14
6992.683058418545 2.3604654098399193e-14
6996.717566040179 2.3350399050987438e-14
7000.752073661813 2.315791939659226e-14
7004.786581283446 2.31253541112219e-14
7008.82108890508 2.2890156049348006e-14
7012.855596526713 2.2943989132837464e-14
7016.890104148347 2.324456534975908e-14
7020.924611769981 2.2956100135852307e-14
7024.959119391615 2.296506458689467e-14
7028.993627013248 2.3215856852785235e-14
7033.028134634882 2.3409175987863004e-14
7037.062642256516 2.3472910956191203e-14
7041.097149878149 2.3397028566782142e-14
7045.131657499784 2.3227277931069246e-14
7049.166165121417 2.3685042602806812e-14
7053.200672743051 2.361105059728126e-14
7057.235180364684 2.327869607549404e-14
7061.269687986318 2.306770072382673e-14
7065.304195607951 2.304302562744113e-14
7069.338703229585 2.3022081437382538e-14
7073.3732108512195 2.311383848926909e-14
7077.407718472853 2.322643329586817e-14
7081.442226094487 2.3101351779880608e-14
7085.47673371612 2.3309296756592715e-14
7089.511241337754 2.331158338832305e-14
7093.545748959387 2.2846493329657625e-14
7097.580256581021 2.3205677588292668e-14
7101.614764202655 2.2879086356924064e-14
7105.649271824289 2.3344672575557387e-14
7109.6837794459225 2.3278504579478592e-14
7113.718287067556 2.2823137855624975e-14
7117.75279468919 2.263025267282531e-14
7121.787302310823 2.2794134683033972e-14
7125.821809932457 2.2696842238481374e-14
7129.856317554091 2.2709846598265126e-14
7133.890825175725 2.3249307371212768e-14
7137.925332797358 2.2933288233038446e-14
7141.959840418992 2.2930046359311846e-14
7145.9943480406255 2.295156756646315e-14
7150.028855662259 2.2710441511016554e-14
7154.063363283893 2.243593647882194e-14
7158.097870905527 2.2742754894990496e-14
7162.132378527161 2.2795234454050876e-14
7166.166886148794 2.207499688132195e-14
7170.201393770428 2.1173906814042847e-14
7174.235901392061 2.054663437681535e-14
7178.270409013695 2.0299366529489476e-14
7182.304916635329 2.0320636157274215e-14
7186.339424256963 1.9955455437583784e-14
7190.3739318785965 1.9579857493253306e-14
7194.40843950023 1.9803009054188982e-14
7198.442947121864 1.977677955998887e-14
7202.477454743497 1.9712104896512085e-14
7206.511962365131 2.0105334585707875e-14
7210.546469986765 2.103318082783629e-14
7214.580977608399 2.1727877121902896e-14
7218.615485230032 2.1836751437966392e-14
7222.649992851666 2.1839089083531855e-14
7226.6845004732995 2.136406232409585e-14
7230.719008094933 2.1019298368138427e-14
7234.753515716567 2.0683304818754642e-14
7238.788023338201 2.035710502896276e-14
7242.822530959835 2.020176414066881e-14
7246.857038581468 2.078135260997289e-14
7250.891546203102 2.0248479367117278e-14
7254.926053824735 2.015797491091803e-14
7258.960561446369 2.063298097360422e-14
7262.9950690680025 2.0818565105907552e-14
7267.029576689637 2.0573789071421274e-14
7271.064084311271 2.0418596680184243e-14
7275.098591932904 2.028358710766294e-14
7279.133099554538 1.9975961177786326e-14
7283.167607176171 2.008858800090096e-14
7287.202114797805 2.0125060750385194e-14
7291.236622419439 1.9868362376620797e-14
7295.271130041073 1.9837111997785872e-14
7299.305637662706 2.031426845760061e-14
7303.34014528434 2.0159468326359447e-14
7307.374652905974 2.0047996420623716e-14
7311.409160527607 2.000969916551116e-14
7315.443668149241 2.0091381498164983e-14
7319.478175770875 2.0141569935408067e-14
7323.512683392509 2.014917088156237e-14
7327.547191014142 1.995435059922069e-14
7331.581698635776 1.97457056125853e-14
7335.616206257409 2.076755781810252e-14
7339.650713879043 2.0614539430312532e-14
7343.685221500677 2.0800097702695495e-14
7347.719729122311 2.046381244754705e-14
7351.754236743945 2.0010451668130315e-14
7355.788744365578 1.984882351241831e-14
7359.823251987212 1.9759732541614783e-14
7363.857759608845 1.9877770989132507e-14
7367.892267230479 1.9938892260945288e-14
7371.926774852112 1.9866243219608813e-14
7375.961282473747 1.9990543389120477e-14
7379.9957900953805 2.017855192591265e-14
7384.030297717014 2.0028262620878603e-14
7388.064805338648 1.9586585265829955e-14
7392.099312960281 1.9314617080576806e-14
7396.133820581915 2.0074373263965848e-14
7400.168328203548 1.9907547716627724e-14
7404.202835825183 1.9473840983929055e-14
7408.237343446816 1.9100505895978588e-14
7412.27185106845 1.911067435947046e-14
7416.3063586900835 1.9371620961259535e-14
7420.340866311717 1.920095943308695e-14
7424.375373933351 1.932741437234443e-14
7428.409881554985 1.9215654833287663e-14
7432.444389176619 1.9465841045409455e-14
7436.478896798252 1.967996756019485e-14
7440.513404419886 1.9562921350823956e-14
7444.547912041519 1.9236385246460505e-14
7448.582419663153 1.9308364648545288e-14
7452.6169272847865 1.9680567786242086e-14
7456.651434906421 1.97039069129996e-14
7460.6859425280545 1.9180005099496135e-14
7464.720450149688 1.8887132564295383e-14
7468.754957771322 1.8985083797182682e-14
7472.789465392955 1.9279629027798128e-14
7476.823973014589 1.9170783536892834e-14
7480.858480636222 1.8840577305787827e-14
7484.892988257857 1.9587596116673972e-14
7488.92749587949 1.9401890007256885e-14
7492.962003501124 1.9190617854599017e-14
7496.9965111227575 1.9100234271380632e-14
7501.031018744391 1.9094499361548857e-14
7505.065526366025 1.9347648657540535e-14
7509.100033987658 1.8394959419168113e-14
7513.134541609293 1.8710922378280193e-14
7517.169049230926 1.9191552784719467e-14
7521.20355685256 1.9132582076901984e-14
7525.238064474193 1.9063037402639975e-14
7529.272572095827 1.9177199006179295e-14
7533.3070797174605 1.9117900559224746e-14
7537.341587339095 1.920077837325703e-14
7541.376094960729 1.955942826337124e-14
7545.410602582362 1.9838138871059746e-14
7549.445110203996 2.018612068023241e-14
7553.479617825629 2.0252179843714977e-14
7557.514125447263 2.0073158225214083e-14
7561.548633068896 1.991640677664705e-14
7565.583140690531 2.0211436945198483e-14
7569.617648312164 2.0504473013854553e-14
7573.652155933798 2.0698236225608613e-14
7577.686663555432 2.0860102720681272e-14
7581.721171177065 2.091642034695947e-14
7585.755678798699 2.066308675031371e-14
7589.790186420332 1.9451659330008556e-14
7593.824694041967 1.7041939218889824e-14
7597.8592016636 1.0914654729496027e-14
7601.893709285234 6.777951153490913e-15
7605.928216906867 5.469735084633875e-15
7609.962724528501 6.2590509686286636e-15
7613.997232150135 8.613161432706599e-15
7618.031739771768 1.1845089889927728e-14
7622.066247393403 1.384478185741848e-14
7626.100755015036 1.1596961513091477e-14
7630.13526263667 1.010137637912008e-14
7634.169770258303 1.0104713159276493e-14
7638.204277879937 1.0994878151824367e-14
7642.23878550157 1.1961205846965357e-14
7646.273293123204 1.2730972070431183e-14
7650.3078007448385 1.4124031121682972e-14
7654.342308366472 1.5007251191586868e-14
7658.376815988106 1.5503665995554914e-14
7662.411323609739 1.5852074000430755e-14
7666.445831231373 1.6841004246427648e-14
7670.480338853006 1.7762785123016915e-14
7674.514846474641 1.811554872607431e-14
7678.549354096274 1.8258380988957286e-14
7682.583861717908 1.8248158887954824e-14
7686.6183693395415 1.8212494389097053e-14
7690.652876961175 1.820781104068921e-14
7694.687384582809 1.78152749511075e-14
7698.721892204442 1.7631551985978314e-14
7702.756399826077 1.76668811491077e-14
7706.79090744771 1.7415289124994416e-14
7710.825415069344 1.697657762521576e-14
7714.859922690977 1.675892325837345e-14
7718.894430312611 1.714976924103831e-14
7722.9289379342445 1.731559301938237e-14
7726.963445555878 1.7177396739063355e-14
7730.9979531775125 1.7001809661418305e-14
7735.032460799146 1.7077507277987334e-14
7739.06696842078 1.7239318603285423e-14
7743.101476042413 1.6995487237805842e-14
7747.135983664047 1.6739240811314324e-14
7751.17049128568 1.6609043906264606e-14
7755.204998907314 1.6542732811055467e-14
7759.239506528948 1.6740905856027307e-14
7763.274014150582 1.6672983020845163e-14
7767.3085217722155 1.6807565164570095e-14
7771.343029393849 1.6100637494955507e-14
7775.377537015483 1.5587863421226233e-14
7779.412044637116 1.582433339017345e-14
7783.446552258751 1.6071801245685534e-14
7787.481059880384 1.627364669893033e-14
7791.515567502018 1.646489738513955e-14
7795.550075123651 1.6694059942777608e-14
7799.584582745285 1.6442609396800346e-14
7803.6190903669185 1.6170235189150844e-14
7807.653597988552 1.6254529512729093e-14
7811.6881056101865 1.6234716003080928e-14
7815.72261323182 1.6169669108164747e-14
7819.757120853454 1.639853586840567e-14
7823.791628475087 1.6098490562602833e-14
7827.826136096721 1.5892146222934052e-14
7831.860643718354 1.61185233426116e-14
7835.895151339988 1.5663313541820088e-14
7839.929658961622 1.5901695519354025e-14
7843.964166583256 1.6225794690255508e-14
7847.9986742048895 1.6126397077830823e-14
7852.033181826523 1.644026348455225e-14
7856.067689448157 1.6329638773774168e-14
7860.10219706979 1.5812450787291594e-14
7864.136704691424 1.5950808541064227e-14
7868.171212313058 1.5846225679060288e-14
7872.205719934692 1.587007658658337e-14
7876.240227556325 1.5983598446467288e-14
7880.274735177959 1.597790192006842e-14
7884.3092427995925 1.5913586862746703e-14
7888.343750421226 1.560717801215107e-14
7892.37825804286 1.5575459081183527e-14
7896.412765664494 1.5343243211874374e-14
7900.447273286128 1.5335600917069973e-14
7904.481780907761 1.5459712196097208e-14
7908.516288529395 1.5363037812798315e-14
7912.550796151028 1.5568380626607548e-14
7916.585303772662 1.5369934727239352e-14
7920.619811394296 1.5056895695325054e-14
7924.65431901593 1.5303362274967066e-14
7928.688826637564 1.51211876922719e-14
7932.723334259197 1.505360236156554e-14
7936.757841880831 1.5394264261847907e-14
7940.792349502464 1.4872622274562387e-14
7944.826857124098 1.5056509507164745e-14
7948.861364745732 1.5119778727244954e-14
7952.895872367366 1.5385099143815196e-14
7956.930379988999 1.548174938763771e-14
7960.964887610633 1.5290474401926957e-14
7964.999395232267 1.5280657260708262e-14
7969.0339028539 1.535549341276838e-14
7973.068410475534 1.509137134411988e-14
7977.102918097168 1.5471169796870968e-14
7981.137425718802 1.527674121653395e-14
7985.171933340435 1.5218849604135486e-14
7989.206440962069 1.514494795076089e-14
7993.240948583702 1.522814659808726e-14
7997.275456205336 1.5122583775884423e-14
8001.30996382697 1.499335665810332e-14
8005.344471448604 1.505819315349405e-14
8009.378979070238 1.5072334810817118e-14
8013.413486691871 1.516303703081447e-14
8017.447994313505 1.5155300910977475e-14
8021.482501935138 1.5003808238433573e-14
8025.517009556772 1.492836468617084e-14
8029.551517178405 1.487753427243039e-14
8033.58602480004 1.506073785476676e-14
8037.6205324216735 1.4749510515815172e-14
8041.655040043307 1.4531545677291063e-14
8045.689547664941 1.4661515553836743e-14
8049.724055286574 1.4895689355541738e-14
8053.758562908208 1.4863108099926928e-14
8057.793070529842 1.4761140361566742e-14
8061.827578151476 1.4900412470245378e-14
8065.862085773109 1.510813443102263e-14
8069.896593394743 1.5128668357506636e-14
8073.9311010163765 1.5204795379937957e-14
8077.96560863801 1.512870711100818e-14
8082.000116259644 1.4812328519039716e-14
8086.034623881278 1.4933617603056127e-14
8090.069131502912 1.458694024329958e-14
8094.103639124545 1.4748622427381512e-14
8098.138146746179 1.4648796620226247e-14
8102.172654367812 1.4550214529620917e-14
8106.207161989446 1.4531345119388913e-14
8110.2416696110795 1.4636338952127295e-14
8114.276177232714 1.4624224593651555e-14
8118.3106848543475 1.5088081566289572e-14
8122.345192475981 1.4628694242631105e-14
8126.379700097615 1.4425809987821605e-14
8130.414207719248 1.4238138628396773e-14
8134.448715340882 1.3973561789724855e-14
8138.483222962515 1.3819191156506009e-14
8142.51773058415 1.4048874617267797e-14
8146.552238205783 1.3853045551028177e-14
8150.586745827417 1.3505374421719594e-14
8154.6212534490505 1.3333259591505932e-14
8158.655761070684 1.3194928519660756e-14
8162.690268692318 1.2926164986827374e-14
8166.724776313952 1.2876791456123914e-14
8170.759283935586 1.3123195732973025e-14
8174.793791557219 1.3324168816324619e-14
8178.828299178853 1.3457739909095457e-14
8182.862806800486 1.3377422391192295e-14
8186.89731442212 1.3229555353664124e-14
8190.9318220437535 1.322476450071553e-14
8194.966329665389 1.3222082557353233e-14
8199.000837287022 1.3346219453063095e-14
8203.035344908654 1.36119398141416e-14
8207.069852530289 1.4117584897812135e-14
8211.104360151923 1.449724684841991e-14
8215.138867773556 1.4172110627422618e-14
8219.173375395188 1.3625915062130426e-14
8223.207883016825 1.2956585498635714e-14
8227.242390638457 1.2104853443041154e-14
8231.27689826009 1.1839631298009619e-14
8235.311405881725 1.283416791149264e-14
8239.345913503359 1.3335908991628071e-14
8243.380421124992 1.3667369766717405e-14
8247.414928746624 1.3755172366358157e-14
8251.44943636826 1.3567880704509514e-14
8255.483943989893 1.3374818309489767e-14
8259.518451611526 1.3375178903115485e-14
8263.55295923316 1.361286194514612e-14
8267.587466854795 1.3808484033281003e-14
8271.621974476428 1.3527806002813151e-14
8275.65648209806 1.3177146164481249e-14
8279.690989719697 1.3151946155384333e-14
8283.72549734133 1.3093552758653364e-14
8287.760004962962 1.313757232898505e-14
8291.794512584596 1.2514453723954733e-14
8295.82902020623 1.3222587583402332e-14
8299.863527827863 1.334300347130679e-14
8303.898035449498 1.3298324777585367e-14
8307.932543071132 1.330201732180943e-14
8311.967050692765 1.3206402685208829e-14
8316.001558314398 1.3235232135931615e-14
8320.036065936032 1.2706738331229936e-14
8324.070573557667 1.2829837203553438e-14
8328.1050811793 1.2744363660233193e-14
8332.139588800934 1.2785148422157769e-14
8336.174096422568 1.3117968194792614e-14
8340.208604044201 1.2907285079170221e-14
8344.243111665834 1.300901576512924e-14
8348.277619287468 1.3742510625261266e-14
8352.312126909103 1.3441699449718775e-14
8356.346634530735 1.3497187342725316e-14
8360.38114215237 1.348606430103348e-14
8364.415649774004 1.3242900796558977e-14
8368.450157395637 1.2909806357158598e-14
8372.48466501727 1.2886583682826566e-14
8376.519172638904 1.2970295695468232e-14
8380.553680260538 1.2695305374487989e-14
8384.588187882171 1.3374060562693201e-14
8388.622695503806 1.2789588530457844e-14
8392.65720312544 1.2716210932128144e-14
8396.691710747073 1.2734905874652295e-14
8400.726218368705 1.2982476430464933e-14
8404.76072599034 1.3406870956467845e-14
8408.795233611974 1.3110119846849537e-14
8412.829741233607 1.2848202585195271e-14
8416.864248855241 1.3101563523398933e-14
8420.898756476876 1.299570698728574e-14
8424.933264098509 1.282010584122217e-14
8428.967771720141 1.285432852023169e-14
8433.002279341776 1.2789828667358715e-14
8437.03678696341 1.2851511538768534e-14
8441.071294585043 1.2677301360247195e-14
8445.105802206677 1.2603562109052583e-14
8449.140309828312 1.2445810703604449e-14
8453.174817449944 1.2721498051903473e-14
8457.209325071577 1.2909090749225081e-14
8461.243832693212 1.2711051210659887e-14
8465.278340314846 1.2720790967097253e-14
8469.312847936479 1.268980806188271e-14
8473.347355558113 1.2538044530356399e-14
8477.381863179748 1.2760851552250878e-14
8481.41637080138 1.2790143524381256e-14
8485.450878423013 1.2868583010988601e-14
8489.485386044647 1.2712333603603988e-14
8493.519893666282 1.2530310162756636e-14
8497.554401287915 1.20819059464608e-14
8501.588908909549 1.2093537214429883e-14
8505.623416531183 1.2312199765087668e-14
8509.657924152816 1.2384396228298404e-14
8513.692431774449 1.2529999878243352e-14
8517.726939396083 1.2628344617166835e-14
8521.761447017718 1.2875026226119908e-14
8525.79595463935 1.297990050079682e-14
8529.830462260985 1.2689586839521188e-14
8533.86496988262 1.1896351710380864e-14
8537.899477504252 1.1100640650936234e-14
8541.933985125885 1.0730459958918033e-14
8545.96849274752 1.1124370377830255e-14
8550.003000369154 1.1889713722871709e-14
8554.037507990786 1.2545784426622974e-14
8558.07201561242 1.2877729268683471e-14
8562.106523234055 1.2837297683645367e-14
8566.141030855688 1.2645474793159325e-14
8570.17553847732 1.2431656019125946e-14
8574.210046098955 1.2288309410577614e-14
8578.24455372059 1.2285479912169019e-14
8582.279061342222 1.2197339943182483e-14
8586.313568963857 1.2016323367088398e-14
8590.348076585491 1.2305006913102085e-14
8594.382584207124 1.1987440860561284e-14
8598.417091828756 1.1829106506653764e-14
8602.45159945039 1.2010194656894193e-14
8606.486107072025 1.2245971859432873e-14
8610.520614693658 1.2084451990927543e-14
8614.555122315292 1.2493246717466912e-14
8618.589629936927 1.2003603729306306e-14
8622.62413755856 1.2265633017557161e-14
8626.658645180192 1.235912013494159e-14
8630.693152801827 1.2345974048425683e-14
8634.727660423461 1.2159810207930493e-14
8638.762168045094 1.1925052100785354e-14
8642.796675666728 1.1841980157286885e-14
8646.831183288363 1.2131340369124653e-14
8650.865690909995 1.2204930676971034e-14
8654.900198531628 1.1268094440746396e-14
8658.934706153263 1.036768775390003e-14
8662.969213774897 1.0218537607557875e-14
8667.00372139653 1.0902660651018555e-14
8671.038229018164 1.163753741593683e-14
8675.072736639799 1.1625243714603084e-14
8679.107244261431 1.1669246962524401e-14
8683.141751883064 1.2043958478767879e-14
8687.1762595047 1.1597183780753231e-14
8691.210767126333 1.1824707224836071e-14
8695.245274747966 1.2143502012625383e-14
8699.2797823696 1.225435354434054e-14
8703.314289991235 1.2209726568477566e-14
8707.348797612867 1.1807682418009074e-14
8711.3833052345 1.1895010530608514e-14
8715.417812856136 1.2256691652203947e-14
8719.452320477769 1.2065381807896333e-14
8723.486828099401 1.1810519625357423e-14
8727.521335721036 1.164500105017777e-14
8731.55584334267 1.1451947324020497e-14
8735.590350964303 1.1562583871730878e-14
8739.624858585936 1.1782862273932374e-14
8743.659366207572 1.150259801154358e-14
8747.693873829205 1.1205171540548259e-14
8751.728381450837 1.1112452535817983e-14
8755.762889072472 1.1153592778358854e-14
8759.797396694106 1.1356881753602551e-14
8763.831904315739 1.1455983702639904e-14
8767.866411937372 1.1541948001764837e-14
8771.900919559008 1.1756625359376502e-14
8775.93542718064 1.1732225495896672e-14
8779.969934802273 1.1798794718338377e-14
8784.004442423908 1.1716635212848289e-14
8788.038950045542 1.161472134169227e-14
8792.073457667175 1.1811255634081628e-14
8796.10796528881 1.2258012569411127e-14
8800.142472910444 1.2150286186086158e-14
8804.176980532076 1.1455290536305991e-14
8808.211488153709 1.1664032693555005e-14
8812.245995775344 1.1847410703310742e-14
8816.280503396978 1.217140744194631e-14
8820.31501101861 1.186052944171362e-14
8824.349518640245 1.180629585979889e-14
8828.38402626188 1.2024333560850213e-14
8832.418533883512 1.2262561887387786e-14
8836.453041505145 1.1768928758607459e-14
8840.48754912678 1.1561752870167931e-14
8844.522056748414 1.1721518914522703e-14
8848.556564370047 1.1709150957388973e-14
8852.591071991681 1.149718674945705e-14
8856.625579613315 1.1067534808277242e-14
8860.660087234948 1.0628041155664866e-14
8864.69459485658 1.0241225660928801e-14
8868.729102478215 1.0716679596655363e-14
8872.76361009985 1.1002515789456571e-14
8876.798117721482 1.1209083281863578e-14
8880.832625343117 1.0981878572106458e-14
8884.867132964751 1.129750754350321e-14
8888.901640586384 1.1680111265149431e-14
8892.936148208017 1.0940491815100273e-14
8896.970655829651 1.1465073200618695e-14
8901.005163451286 1.1540360493103499e-14
8905.039671072918 1.1348101970850294e-14
8909.074178694553 1.1294227172397613e-14
8913.108686316187 1.0745646355209856e-14
8917.14319393782 1.0895139858495132e-14
8921.177701559453 1.1587791552303759e-14
8925.212209181087 1.0704994549235391e-14
8929.246716802721 1.0534170279091878e-14
8933.281224424354 1.1164718965308476e-14
8937.315732045989 1.12674685752276e-14
8941.350239667623 1.1150751877833115e-14
8945.384747289256 1.1064751976437274e-14
8949.419254910888 1.0533606936825899e-14
8953.453762532523 1.102329076613604e-14
8957.488270154157 1.086416918257353e-14
8961.52277777579 1.04331717806215e-14
8965.557285397424 1.0472756590598054e-14
8969.591793019059 1.028337991939955e-14
8973.626300640692 1.0360655127006413e-14
8977.660808262324 1.006091703707197e-14
8981.695315883959 1.0340968146457457e-14
8985.729823505593 9.06363261758794e-15
8989.764331127226 8.763360536235945e-15
8993.79883874886 9.384367239027973e-15
8997.833346370495 9.55990338113755e-15
9001.867853992127 9.469128421224669e-15
9005.90236161376 9.460766014685503e-15
9009.936869235395 8.807756744944848e-15
9013.97137685703 8.611455783027718e-15
9018.005884478662 8.388443548574365e-15
9022.040392100296 9.255138623304749e-15
9026.07489972193 9.610720971434006e-15
9030.109407343563 9.834067320388052e-15
9034.143914965196 1.0300810129274848e-14
9038.17842258683 1.0578464698494992e-14
9042.212930208465 1.0625422442066287e-14
9046.247437830098 1.0870635370195315e-14
9050.281945451732 1.1259073023870315e-14
9054.316453073367 1.0771328684794906e-14
9058.350960695 1.0344623507328724e-14
9062.385468316632 9.994017778008586e-15
9066.419975938266 9.605958027311488e-15
9070.4544835599 9.79886362670785e-15
9074.488991181533 9.694880880543556e-15
9078.523498803168 9.224775530491583e-15
9082.558006424802 9.500540269879417e-15
9086.592514046435 9.520456144860193e-15
9090.627021668068 9.678634095243084e-15
9094.661529289702 9.933625175926629e-15
9098.696036911337 9.728655541758023e-15
9102.73054453297 9.117395204393197e-15
9106.765052154604 9.916704895448308e-15
9110.799559776238 9.24034058492774e-15
9114.834067397871 9.762322822664038e-15
9118.868575019504 9.827790140698706e-15
9122.903082641138 9.948191921030008e-15
9126.937590262773 9.795152948818553e-15
9130.972097884405 9.385996584888807e-15
9135.00660550604 8.72750077246869e-15
9139.041113127674 9.554632972247586e-15
9143.075620749307 1.0192346987122238e-14
9147.11012837094 9.912412253453942e-15
9151.144635992574 9.594237503461817e-15
9155.179143614208 9.35509310404544e-15
9159.213651235841 9.365178238590194e-15
9163.248158857476 9.895874518372601e-15
9167.28266647911 9.956418188905639e-15
9171.317174100743 9.452374724197482e-15
9175.351681722375 9.096414788117075e-15
9179.386189344012 9.818724885711902e-15
9183.420696965644 9.763400345509986e-15
9187.455204587277 9.658312424965322e-15
9191.489712208911 9.661679408245351e-15
9195.524219830546 9.483062563323981e-15
9199.558727452179 9.648234539910241e-15
