wavelength flux
3804.05273757997 1.1089437966836289e-15
3808.2287880504555 -7.303261301141495e-16
3812.4048385209408 -8.843586105528028e-16
3816.580888991426 -5.363472898850825e-16
3820.7569394619113 6.80754968279384e-18
3824.9329899323966 -1.1858871917313613e-15
3829.109040402882 -9.451235023548338e-16
3833.285090873367 -5.657609010493048e-16
3837.4611413438524 5.590676682362403e-16
3841.6371918143377 7.301286315602234e-16
3845.813242284823 1.071510172143839e-15
3849.9892927553083 4.149439718016774e-16
3854.1653432257935 -6.189946929698626e-16
3858.341393696279 -7.721948273268745e-16
3862.517444166764 1.069104650047221e-15
3866.6934946372494 -2.362360399659492e-17
3870.8695451077347 9.153476369203458e-16
3875.0455955782204 6.411990123194115e-17
3879.2216460487057 6.142787341544708e-16
3883.397696519191 7.302169329060297e-16
3887.5737469896762 3.5318734004804144e-16
3891.7497974601615 -2.0907037530630399e-16
3895.925847930647 -4.801588695001291e-16
3900.101898401132 4.4212556076560914e-16
3904.2779488716174 -1.1652229521056217e-15
3908.4539993421026 4.362984344075593e-16
3912.630049812588 3.461410390124927e-16
3916.806100283073 8.378940340221288e-16
3920.982150753559 -2.66817529911762e-16
3925.158201224044 2.5263872254876575e-17
3929.3342516945295 -3.6522447883087035e-16
3933.5103021650148 -9.372774411950654e-17
3937.6863526355 -4.420225216753891e-16
3941.8624031059853 -1.1708899250475894e-15
3946.0384535764706 3.6382172398998534e-16
3950.214504046956 7.62589542493361e-17
3954.390554517441 5.346332290783178e-16
3958.5666049879264 5.322598883977677e-16
3962.7426554584117 9.001865711484773e-16
3966.918705928897 4.71590209503168e-16
3971.0947563993823 2.0089980643648125e-16
3975.2708068698676 3.836436732254771e-16
3979.446857340353 1.132375589293758e-15
3983.622907810838 7.248180164095548e-16
3987.7989582813234 3.484871043140966e-16
3991.9750087518087 9.665771003464419e-17
3996.151059222294 1.430440467101402e-15
4000.3271096927792 1.2851566663593316e-15
4004.5031601632645 1.1335568703727072e-15
4008.67921063375 9.780366521357798e-16
4012.855261104235 1.4302756455999195e-15
4017.0313115747203 7.161221946053012e-16
4021.2073620452056 4.569222427458384e-15
4025.383412515691 5.713433723071178e-15
4029.559462986176 1.6261840286653195e-15
4033.7355134566615 7.128284632081059e-16
4037.9115639271467 1.5394720661776512e-15
4042.087614397632 1.6205520038946358e-15
4046.2636648681173 1.002394572785822e-15
4050.4397153386026 1.3259066142831616e-15
4054.6157658090883 4.507859967957574e-16
4058.7918162795736 5.287403145697397e-16
4062.967866750059 6.348309118463799e-16
4067.143917220544 3.645779599610459e-16
4071.3199676910294 5.917499029809141e-16
4075.4960181615147 -1.9266717253563997e-16
4079.672068632 4.0130180496883334e-16
4083.8481191024853 1.2134767735729941e-15
4088.0241695729705 1.1950240106356623e-15
4092.200220043456 7.685925921682343e-16
4096.376270513942 1.0042557557243603e-15
4100.552320984427 1.1030759621353426e-15
4104.728371454912 9.457304091486513e-16
4108.904421925397 9.46031515908646e-16
4113.080472395883 9.650533686419343e-16
4117.256522866368 1.0512102365960837e-15
4121.432573336853 9.444908359462696e-16
4125.6086238073385 9.796245198448237e-16
4129.784674277824 7.447754799984676e-16
4133.960724748309 8.970482817715769e-16
4138.136775218794 5.150548802464309e-16
4142.31282568928 1.0037291101777882e-15
4146.488876159765 8.024017322062294e-16
4150.66492663025 9.077486522813793e-16
4154.8409771007355 8.792416592965518e-16
4159.017027571221 1.264268068180843e-15
4163.193078041706 1.016221936920984e-15
4167.369128512191 7.803187881334169e-16
4171.545178982677 9.71910945323104e-16
4175.721229453162 9.788008492692508e-16
4179.897279923647 2.543286322679482e-16
4184.073330394132 5.948792170058829e-16
4188.249380864618 7.120380756649382e-16
4192.425431335103 1.0044428477980183e-15
4196.601481805588 1.2099650422191505e-15
4200.7775322760735 9.184250103534786e-16
4204.953582746559 1.0660807590020651e-15
4209.129633217044 9.250891430679635e-16
4213.305683687529 8.281367775830684e-16
4217.481734158015 6.603901675523971e-16
4221.6577846285 1.299662128105127e-15
4225.833835098985 6.913776776162644e-16
4230.0098855694705 3.886929283167212e-16
4234.185936039956 8.526543135660949e-16
4238.361986510441 1.4828006463090595e-15
4242.538036980926 1.073330515747251e-15
4246.714087451412 9.86988805194114e-16
4250.890137921897 1.1427696818026411e-15
4255.066188392382 1.0228365411599635e-15
4259.242238862867 6.055767624288394e-16
4263.418289333353 7.049694514615115e-16
4267.594339803838 9.012122909599835e-16
4271.770390274323 1.1577695413075683e-15
4275.946440744809 9.032592535476853e-16
4280.122491215294 7.0183875768254045e-16
4284.298541685779 9.662249023528104e-16
4288.474592156264 8.002506196102215e-16
4292.65064262675 7.528105151442721e-16
4296.826693097235 9.930405164994398e-16
4301.002743567721 7.225905681603712e-16
4305.178794038206 4.635914786065991e-16
4309.354844508692 5.703021498315619e-16
4313.530894979177 9.369135998476552e-16
4317.706945449662 1.2727182314068131e-15
4321.882995920148 1.281535413215471e-15
4326.059046390633 1.262202758529438e-15
4330.235096861118 1.206175315283343e-15
4334.411147331603 1.2472117480437132e-15
4338.587197802089 1.138231622087067e-15
4342.763248272574 1.2432793425372128e-15
4346.939298743059 1.3171044657581498e-15
4351.1153492135445 1.2648601849399387e-15
4355.29139968403 1.2590522304258563e-15
4359.467450154515 9.819975541255986e-16
4363.643500625 1.4204871739437668e-15
4367.819551095486 1.1421572711308251e-15
4371.995601565971 1.1794896896710338e-15
4376.171652036456 1.5487324017038808e-15
4380.3477025069415 1.2447204844793577e-15
4384.523752977427 1.0353038180444035e-15
4388.699803447913 1.0003334234541663e-15
4392.875853918398 1.4133840559260716e-15
4397.0519043888835 1.4856654441013322e-15
4401.227954859369 1.134611617274957e-15
4405.404005329854 8.579198680056738e-16
4409.580055800339 9.069372048991723e-16
4413.756106270825 1.0185686495649505e-15
4417.93215674131 1.2169032200637419e-15
4422.108207211795 1.2088112330571184e-15
4426.28425768228 1.1826554422985648e-15
4430.460308152766 1.087363449184654e-15
4434.636358623251 1.0398171106189938e-15
4438.812409093736 1.1333069286118541e-15
4442.988459564222 1.0759901314518107e-15
4447.164510034707 1.2215943916999834e-15
4451.340560505192 1.579797793588482e-15
4455.516610975677 1.300141226794957e-15
4459.692661446163 1.3692023272077594e-15
4463.868711916648 1.388188893996535e-15
4468.044762387133 1.271478193249825e-15
4472.2208128576185 1.345992608733971e-15
4476.396863328104 1.6311733663276796e-15
4480.572913798589 1.4637664358777653e-15
4484.748964269074 1.5694285224821398e-15
4488.92501473956 1.6155528101620775e-15
4493.101065210045 1.2739808901701753e-15
4497.27711568053 1.5760713361580225e-15
4501.4531661510155 1.5126378143344963e-15
4505.629216621501 1.5215633383107167e-15
4509.805267091986 1.6671070058249207e-15
4513.981317562471 1.543090155034698e-15
4518.157368032957 1.6712413187350364e-15
4522.333418503442 1.4002286527144673e-15
4526.509468973927 1.331731906133943e-15
4530.685519444412 1.2947598891549996e-15
4534.861569914898 1.6276054748763489e-15
4539.037620385383 1.5491890218716691e-15
4543.213670855868 1.324474625442635e-15
4547.3897213263535 1.4731987643887963e-15
4551.565771796839 1.333938425062481e-15
4555.741822267324 1.5490390613466605e-15
4559.917872737809 1.62034773582641e-15
4564.093923208295 1.6238226594774887e-15
4568.26997367878 1.494214524046476e-15
4572.446024149265 1.5104046500504118e-15
4576.6220746197505 1.5907879610202337e-15
4580.798125090236 1.5494526114229342e-15
4584.974175560721 1.5380847706744266e-15
4589.150226031206 1.699859001197652e-15
4593.326276501692 1.6240431124839564e-15
4597.502326972177 1.4639432030378206e-15
4601.678377442662 1.3918143499147747e-15
4605.854427913147 1.462970937897543e-15
4610.030478383633 1.5006729752749303e-15
4614.206528854118 1.5338274873566273e-15
4618.382579324603 1.6259343969905698e-15
4622.558629795089 1.7294880354972579e-15
4626.734680265574 1.7150407114353987e-15
4630.910730736059 1.614878149670161e-15
4635.086781206544 1.54030663589444e-15
4639.26283167703 1.5249094358364017e-15
4643.438882147515 1.5202734840378637e-15
4647.614932618 1.483899292397445e-15
4651.7909830884855 1.4272727984706637e-15
4655.967033558972 1.512828720871221e-15
4660.143084029457 1.6875444003256033e-15
4664.319134499942 1.6284393671046095e-15
4668.4951849704275 1.5044700853863442e-15
4672.671235440913 1.3211624351146246e-15
4676.847285911398 1.5957877678954061e-15
4681.023336381883 1.723760168303069e-15
4685.199386852369 1.5027308145722279e-15
4689.375437322854 1.5320227510808429e-15
4693.551487793339 1.523755679187239e-15
4697.7275382638245 1.380363877982817e-15
4701.90358873431 1.4561898976075079e-15
4706.079639204795 1.4536102981777338e-15
4710.25568967528 1.3536637208568831e-15
4714.431740145766 1.850922139795873e-15
4718.607790616251 1.8160487159139946e-15
4722.783841086736 1.5834019849103794e-15
4726.959891557221 1.4152716612169902e-15
4731.135942027707 1.4988147189991455e-15
4735.311992498192 1.5415196630192702e-15
4739.488042968677 1.6245630588361079e-15
4743.664093439163 1.7169298769925255e-15
4747.840143909649 1.677610218665939e-15
4752.016194380134 1.7087246470744443e-15
4756.192244850619 1.7093438563593116e-15
4760.368295321105 1.4777656920894168e-15
4764.54434579159 1.537799580584245e-15
4768.720396262075 1.7217794352210667e-15
4772.89644673256 1.6541162129327545e-15
4777.072497203046 1.6529251849292215e-15
4781.248547673531 1.6751928431243694e-15
4785.424598144016 1.764724584435651e-15
4789.600648614502 1.7521900605642747e-15
4793.776699084987 1.5934483443674742e-15
4797.952749555472 1.5194059398240814e-15
4802.128800025957 1.6134172942541726e-15
4806.304850496443 1.5857836391391059e-15
4810.480900966928 1.781276400006522e-15
4814.656951437413 1.5902189190975861e-15
4818.8330019078985 1.6205042147970322e-15
4823.009052378384 1.8616634402247943e-15
4827.185102848869 1.819882321933455e-15
4831.361153319354 1.6152898703908957e-15
4835.53720378984 1.8257452685623588e-15
4839.713254260325 1.86477004357972e-15
4843.88930473081 1.810453105746121e-15
4848.0653552012955 1.6639314719403607e-15
4852.241405671781 1.6374863499654587e-15
4856.417456142266 1.654687921629793e-15
4860.593506612751 1.632887238820738e-15
4864.769557083237 1.5273064141807711e-15
4868.945607553722 1.4802909970259323e-15
4873.121658024207 1.6522754285255795e-15
4877.297708494692 1.6592037438167551e-15
4881.473758965178 1.6121425535991447e-15
4885.649809435663 1.6972077126493685e-15
4889.825859906148 1.7183865613283435e-15
4894.0019103766335 1.6927225735497908e-15
4898.177960847119 1.805326593973588e-15
4902.354011317604 1.9401281273705607e-15
4906.530061788089 1.8266565055943284e-15
4910.706112258575 1.7215910920774824e-15
4914.88216272906 1.6861563682610408e-15
4919.058213199545 1.7582114744408581e-15
4923.2342636700305 1.5482445857082443e-15
4927.410314140516 1.6419359623953228e-15
4931.586364611001 1.910819923611564e-15
4935.762415081486 1.6179684364891176e-15
4939.938465551972 1.6499151649598291e-15
4944.114516022457 1.7462223065168087e-15
4948.290566492942 1.7589819279456268e-15
4952.466616963427 1.8137574039227053e-15
4956.642667433913 1.7859338939379182e-15
4960.818717904398 1.8043529185151386e-15
4964.994768374883 1.769246258175566e-15
4969.170818845369 1.6589012977255294e-15
4973.346869315854 1.786677135570423e-15
4977.522919786339 1.845434193077669e-15
4981.698970256824 1.6957168543601964e-15
4985.87502072731 1.5576929684207122e-15
4990.051071197795 1.7573141236199705e-15
4994.22712166828 1.738193303629927e-15
4998.4031721387655 1.7761790536006968e-15
5002.579222609251 1.7326889759683342e-15
5006.755273079736 1.618830684577435e-15
5010.931323550222 1.6340246060028683e-15
5015.1073740207075 1.5954356192203425e-15
5019.283424491193 1.5458740634065206e-15
5023.459474961678 1.6027027448701228e-15
5027.635525432163 1.8352503871837338e-15
5031.811575902649 1.7140079099937583e-15
5035.987626373134 1.9178863815495113e-15
5040.163676843619 1.5450809681911677e-15
5044.3397273141045 1.557365999036429e-15
5048.51577778459 1.7549165296698867e-15
5052.691828255075 1.7506990761103087e-15
5056.86787872556 1.8405520606303112e-15
5061.043929196046 1.964267063815038e-15
5065.219979666531 1.8249168691289014e-15
5069.396030137016 1.6511250176378554e-15
5073.572080607501 1.7142418161063678e-15
5077.748131077987 1.6485151102463263e-15
5081.924181548472 1.673786929596437e-15
5086.100232018957 1.801724292830232e-15
5090.276282489443 1.952935508572235e-15
5094.452332959928 1.9257995916714167e-15
5098.628383430413 1.666111205753424e-15
5102.804433900899 1.690246921570823e-15
5106.980484371385 1.8753646501405365e-15
5111.15653484187 1.6644189700623365e-15
5115.332585312355 1.7690892381037977e-15
5119.50863578284 1.726745826214479e-15
5123.684686253326 1.625138224851584e-15
5127.860736723811 1.7231470617123233e-15
5132.036787194296 1.8475533891930253e-15
5136.212837664782 1.944629862850383e-15
5140.388888135267 1.7534420887552082e-15
5144.564938605752 1.7864464872599515e-15
5148.740989076237 1.6722901252725343e-15
5152.917039546723 1.60859322207013e-15
5157.093090017208 1.727191449786635e-15
5161.269140487693 1.801301332632404e-15
5165.4451909581785 1.650272480730295e-15
5169.621241428664 1.4371270577984384e-15
5173.797291899149 1.4839486047827103e-15
5177.973342369634 1.7179583886850423e-15
5182.14939284012 1.5988771143489941e-15
5186.325443310605 1.481374952500606e-15
5190.50149378109 1.7547204998903386e-15
5194.6775442515755 1.950103428945795e-15
5198.853594722061 1.6287279969787693e-15
5203.029645192546 1.797834171249555e-15
5207.205695663031 1.5324338591340102e-15
5211.381746133517 1.7022318893294569e-15
5215.557796604002 1.7955096187364826e-15
5219.733847074487 1.8154909697173137e-15
5223.909897544972 1.782463694932026e-15
5228.085948015458 1.7604652852256689e-15
5232.261998485943 1.7394612065540898e-15
5236.438048956428 1.86794300479066e-15
5240.6140994269135 1.96500910667643e-15
5244.790149897399 1.965877495652472e-15
5248.966200367884 1.8777362527251838e-15
5253.142250838369 1.7177314427120116e-15
5257.318301308855 1.9192147621845458e-15
5261.49435177934 2.0261073986254266e-15
5265.670402249825 1.8809063700154746e-15
5269.8464527203105 1.683979930740712e-15
5274.022503190796 1.712152775885872e-15
5278.198553661281 2.0082828169290945e-15
5282.374604131766 1.9976165537387752e-15
5286.550654602252 2.048944907132333e-15
5290.726705072737 2.161024488658057e-15
5294.902755543222 2.1147163070418395e-15
5299.078806013707 1.9860148087349014e-15
5303.254856484193 1.906117705975593e-15
5307.430906954678 1.9788769284192135e-15
5311.606957425163 2.034048382145235e-15
5315.783007895649 2.1055044385406826e-15
5319.959058366134 2.048029309839599e-15
5324.135108836619 2.108364108317314e-15
5328.311159307104 1.7779353524707442e-15
5332.48720977759 1.8387318403519494e-15
5336.663260248075 2.2131958644757843e-15
5340.83931071856 2.0595979846882825e-15
5345.0153611890455 2.035841483371777e-15
5349.191411659531 2.1248114632280978e-15
5353.367462130016 2.157780412352014e-15
5357.543512600501 2.190277451113578e-15
5361.719563070987 2.1373364456321355e-15
5365.895613541472 2.0633413384857013e-15
5370.071664011958 2.065296875377611e-15
5374.247714482443 2.1003543354077404e-15
5378.423764952929 2.128319023609162e-15
5382.599815423414 2.1445842863165866e-15
5386.775865893899 2.1519212900746213e-15
5390.9519163643845 1.9316887596948302e-15
5395.12796683487 2.0694472175212257e-15
5399.304017305355 1.8409097961686724e-15
5403.48006777584 1.9871300229290192e-15
5407.656118246326 1.9611769605758982e-15
5411.832168716811 2.120174648732026e-15
5416.008219187296 2.152631652317049e-15
5420.184269657781 1.9810816793537485e-15
5424.360320128267 2.0222484857133136e-15
5428.536370598752 2.069707981850423e-15
5432.712421069237 2.0152904489223844e-15
5436.888471539723 2.084841152112376e-15
5441.064522010208 2.1842402670196047e-15
5445.240572480693 2.239436064016495e-15
5449.416622951178 2.0316821141226627e-15
5453.592673421664 2.1713697595346163e-15
5457.76872389215 2.25905419248512e-15
5461.944774362635 2.218316048589242e-15
5466.12082483312 2.169643030738089e-15
5470.296875303606 2.19603234746195e-15
5474.472925774091 2.249641305729646e-15
5478.648976244576 2.1458684724017898e-15
5482.8250267150615 2.1225716308592583e-15
5487.001077185547 2.0583280805920153e-15
5491.177127656032 1.961884571436097e-15
5495.353178126517 2.1501636409430335e-15
5499.529228597003 2.239443356770893e-15
5503.705279067488 2.2867776591135843e-15
5507.881329537973 2.182432250518977e-15
5512.0573800084585 2.0926902373981514e-15
5516.233430478944 1.9474668386076663e-15
5520.409480949429 2.196676468637263e-15
5524.585531419914 2.177242172973204e-15
5528.7615818904 2.079390586753059e-15
5532.937632360885 2.2368539517756318e-15
5537.11368283137 2.350338321347794e-15
5541.289733301855 2.2545152046838615e-15
5545.465783772341 2.2612433907300437e-15
5549.641834242826 2.335563143357447e-15
5553.817884713311 2.4948694746288014e-15
5557.993935183797 2.3541118386981763e-15
5562.169985654282 2.113174594732617e-15
5566.346036124767 2.162405738160731e-15
5570.522086595252 2.009688228731284e-15
5574.698137065738 2.596196305752118e-15
5578.874187536223 2.316674009272733e-15
5583.050238006708 2.0915069488930724e-15
5587.2262884771935 2.1867263995689007e-15
5591.402338947679 2.083371665557969e-15
5595.578389418164 2.0880578311695027e-15
5599.754439888649 2.129017582421006e-15
5603.930490359135 2.2816864753406057e-15
5608.10654082962 2.3386331114992326e-15
5612.282591300105 2.321199672149623e-15
5616.4586417705905 2.1948126917787983e-15
5620.634692241076 2.1012025267466002e-15
5624.810742711561 2.0997501991106116e-15
5628.986793182046 2.2761076925738834e-15
5633.162843652532 2.3729400688646653e-15
5637.338894123017 2.180949247082611e-15
5641.514944593502 2.2122287685658847e-15
5645.690995063987 2.145499495283998e-15
5649.867045534473 2.1687740556939456e-15
5654.043096004958 2.2284074541133865e-15
5658.219146475443 2.1794261263571617e-15
5662.395196945929 2.191616559262867e-15
5666.571247416414 2.3164475658761157e-15
5670.747297886899 2.3193560886313218e-15
5674.923348357384 2.485261639789107e-15
5679.09939882787 2.3211045395261594e-15
5683.275449298355 2.261162485147002e-15
5687.45149976884 2.3189987867542596e-15
5691.6275502393255 2.3033274843213145e-15
5695.803600709811 2.310355405411177e-15
5699.979651180296 2.339446868432074e-15
5704.155701650781 2.2686054807375546e-15
5708.331752121267 2.0731752762546998e-15
5712.507802591752 2.0421427088019924e-15
5716.683853062237 2.2453820329617012e-15
5720.8599035327225 2.4184949395613313e-15
5725.035954003209 2.3226256328927995e-15
5729.212004473694 2.41744666561474e-15
5733.388054944179 2.3365144652736994e-15
5737.5641054146645 2.4131577525335013e-15
5741.74015588515 2.3840917162869573e-15
5745.916206355635 2.4037696751934217e-15
5750.09225682612 2.3054894134529144e-15
5754.268307296606 2.305015457392873e-15
5758.444357767091 2.2888280493503207e-15
5762.620408237576 2.2936098600307327e-15
5766.796458708061 2.2401168730746398e-15
5770.972509178547 2.2897603311016994e-15
5775.148559649032 2.301625273389087e-15
5779.324610119517 2.1021017795412652e-15
5783.500660590003 2.0540997667689528e-15
5787.676711060488 2.066306739817365e-15
5791.852761530973 2.271742057819885e-15
5796.028812001458 2.164368341142505e-15
5800.204862471944 2.265699080450999e-15
5804.380912942429 2.3240434900415118e-15
5808.556963412914 2.3578546886215454e-15
5812.7330138833995 2.500653076455656e-15
5816.909064353886 2.4583177465580406e-15
5821.085114824371 2.4258780772312965e-15
5825.261165294856 2.39210548859092e-15
5829.4372157653415 2.463756462501838e-15
5833.613266235827 2.3304982750239003e-15
5837.789316706312 2.483194368552532e-15
5841.965367176797 2.4570506219522002e-15
5846.141417647283 2.285524251153679e-15
5850.317468117768 2.24617257029722e-15
5854.493518588253 2.2758809016807988e-15
5858.6695690587385 2.2733353333903783e-15
5862.845619529224 2.371886528420793e-15
5867.021669999709 2.478703796204698e-15
5871.197720470194 2.391299770798147e-15
5875.37377094068 2.4142881450970172e-15
5879.549821411165 2.4379537754733373e-15
5883.72587188165 2.264484278211827e-15
5887.901922352135 2.086128326416556e-15
5892.077972822621 1.7929897423071756e-15
5896.254023293106 1.838924749206377e-15
5900.430073763591 1.953953658511726e-15
5904.606124234077 2.2644786768208897e-15
5908.782174704562 2.373521339777812e-15
5912.958225175047 2.2648562189044735e-15
5917.134275645532 2.340551706972163e-15
5921.310326116018 2.478417082797836e-15
5925.486376586503 2.385714171198011e-15
5929.662427056988 2.430810452163257e-15
5933.8384775274735 2.5153021134731535e-15
5938.014527997959 2.4040240981729406e-15
5942.190578468444 2.349184685066991e-15
5946.366628938929 2.3829125540886837e-15
5950.542679409415 2.360639976655899e-15
5954.7187298799 2.3397949708322045e-15
5958.894780350385 2.5294936078006315e-15
5963.0708308208705 2.443819116067935e-15
5967.246881291356 2.4304029692807573e-15
5971.422931761841 2.379730557138874e-15
5975.598982232326 2.356708619645284e-15
5979.775032702812 2.449813387107417e-15
5983.951083173297 2.3889247170502926e-15
5988.127133643782 2.3399186351186047e-15
5992.303184114267 2.3355569249713022e-15
5996.479234584753 2.3422302312135723e-15
6000.655285055238 2.2372524087994367e-15
6004.831335525723 2.344946590664642e-15
6009.0073859962085 2.3777626060851288e-15
6013.183436466694 2.2919137824893168e-15
6017.359486937179 2.2119855341407335e-15
6021.535537407664 2.204168946586462e-15
6025.71158787815 2.270469422757454e-15
6029.887638348635 2.3920027312523034e-15
6034.06368881912 2.315404229523924e-15
6038.2397392896055 2.4023785991429796e-15
6042.415789760091 2.5345596052271264e-15
6046.591840230576 2.4389422638391247e-15
6050.767890701061 2.4277763123096846e-15
6054.943941171547 2.4948405210266635e-15
6059.119991642032 2.4314862202632207e-15
6063.296042112517 2.3526423764983268e-15
6067.472092583002 2.3732001753474537e-15
6071.648143053488 2.4343600795132085e-15
6075.824193523973 2.4604546199428146e-15
6080.000243994459 2.403515796572979e-15
6084.1762944649445 2.3964333315907143e-15
6088.35234493543 2.363912635755387e-15
6092.528395405915 2.2997254265670915e-15
6096.7044458764 2.3325089804324097e-15
6100.880496346886 2.318056513435179e-15
6105.056546817371 2.3695976398879878e-15
6109.232597287856 2.4961343738282187e-15
6113.408647758341 2.3730051575766366e-15
6117.584698228827 2.450419757099838e-15
6121.760748699312 2.37009655677651e-15
6125.936799169797 2.292597998453254e-15
6130.112849640283 2.3695175985372223e-15
6134.288900110768 2.4030076603032582e-15
6138.464950581253 2.269945333296139e-15
6142.641001051738 2.3530109110964376e-15
6146.817051522224 2.3107046196234603e-15
6150.993101992709 2.260479990907124e-15
6155.169152463194 2.2322931314005023e-15
6159.3452029336795 2.306347581308105e-15
6163.521253404165 2.211167019221177e-15
6167.69730387465 2.224762576087732e-15
6171.873354345136 2.3150869122099075e-15
6176.0494048156215 2.299705850935419e-15
6180.225455286107 2.283892131342295e-15
6184.401505756592 2.3432972064627384e-15
6188.577556227077 2.239939201226456e-15
6192.753606697563 2.4087263299076653e-15
6196.929657168048 2.428485590367852e-15
6201.105707638533 2.4069863687211022e-15
6205.2817581090185 2.3954067295544275e-15
6209.457808579504 2.391074859190277e-15
6213.633859049989 2.3809305231531186e-15
6217.809909520474 2.2059109062221974e-15
6221.98595999096 2.208505606627737e-15
6226.162010461445 2.3415635872272374e-15
6230.33806093193 2.246797106510576e-15
6234.514111402415 2.3386814987218123e-15
6238.690161872901 2.29866371918987e-15
6242.866212343386 2.2524422911545255e-15
6247.042262813871 2.2529924266554703e-15
6251.218313284357 2.236890681453792e-15
6255.394363754842 2.2252431654794922e-15
6259.570414225327 2.186524582885061e-15
6263.746464695812 2.2493235458025455e-15
6267.922515166298 2.3748181115291605e-15
6272.098565636783 2.3837749812719613e-15
6276.274616107268 2.328746479535988e-15
6280.4506665777535 2.139750225576209e-15
6284.626717048239 2.1280649057326593e-15
6288.802767518724 2.2630715726653386e-15
6292.978817989209 2.3419925407350874e-15
6297.154868459695 2.510076847305121e-15
6301.33091893018 2.26554360429382e-15
6305.506969400665 2.2211564658804704e-15
6309.6830198711505 2.3276600676990304e-15
6313.859070341636 2.315271181367251e-15
6318.035120812121 2.2200247251868418e-15
6322.211171282606 2.3661225590787227e-15
6326.387221753092 2.3558450018434318e-15
6330.563272223577 2.3152550087879683e-15
6334.739322694062 2.2070186523434797e-15
6338.915373164547 2.2072420097605444e-15
6343.091423635033 2.1945623599297573e-15
6347.267474105518 2.2706404903918442e-15
6351.443524576003 2.3299419715687495e-15
6355.6195750464885 2.2876364485816365e-15
6359.795625516974 2.2579902262604903e-15
6363.971675987459 2.2869589924325723e-15
6368.147726457944 2.293953133102075e-15
6372.32377692843 2.2311379047640692e-15
6376.499827398915 2.337783565992898e-15
6380.6758778694 2.2575917640445874e-15
6384.8519283398855 2.33571774845849e-15
6389.027978810371 2.420506558800856e-15
6393.204029280857 2.323831823937751e-15
6397.380079751342 2.135142309164074e-15
6401.5561302218275 2.1882249064973994e-15
6405.732180692313 2.244227384897883e-15
6409.908231162798 2.1912248299236253e-15
6414.084281633283 2.299003685860525e-15
6418.260332103769 2.3667939625301294e-15
6422.436382574254 2.3928672738055264e-15
6426.612433044739 2.3129902873901808e-15
6430.7884835152245 2.201708138645491e-15
6434.96453398571 2.253095113628884e-15
6439.140584456195 2.2120241387015535e-15
6443.31663492668 2.2206446603661676e-15
6447.492685397166 2.3546759096699108e-15
6451.668735867651 2.1138655395285386e-15
6455.844786338136 2.3770582951912746e-15
6460.020836808621 2.3658017572979234e-15
6464.196887279107 2.2476897017500375e-15
6468.372937749592 2.2856217509468724e-15
6472.548988220077 2.350482970915885e-15
6476.7250386905625 2.3596882893668194e-15
6480.901089161048 2.3070746787417185e-15
6485.077139631533 2.4275015463715643e-15
6489.253190102018 2.3110808423548996e-15
6493.429240572504 2.1050528263845527e-15
6497.605291042989 2.0985251462145976e-15
6501.781341513474 2.1487753859868187e-15
6505.9573919839595 2.224685773939762e-15
6510.133442454445 2.280333250440783e-15
6514.30949292493 2.349622590271763e-15
6518.485543395415 2.3182098587015463e-15
6522.661593865901 2.4108168494965633e-15
6526.837644336386 2.2130222233474715e-15
6531.013694806871 2.283474523526835e-15
6535.189745277356 2.492639093387306e-15
6539.365795747842 2.3651274016559744e-15
6543.541846218327 2.380450694485216e-15
6547.717896688812 2.341716283297317e-15
6551.893947159298 2.2351702234000137e-15
6556.069997629783 2.2088131167178597e-15
6560.246048100268 2.092035608601395e-15
6564.422098570753 1.8796067532032198e-15
6568.598149041239 2.4267108543192373e-15
6572.774199511725 2.3087871951260764e-15
6576.95024998221 2.275284513788838e-15
6581.126300452695 2.4021302573577212e-15
6585.302350923181 2.308673397536309e-15
6589.478401393666 2.257006579139697e-15
6593.654451864151 2.2602884266407804e-15
6597.830502334637 2.2623517997637254e-15
6602.006552805122 2.320486784533896e-15
6606.182603275607 2.305920697846825e-15
6610.358653746092 2.2020328401791948e-15
6614.534704216578 2.279553155893963e-15
6618.710754687063 2.3969140391670952e-15
6622.886805157548 2.4225877637041715e-15
6627.0628556280335 2.372500704949866e-15
6631.238906098519 2.319121826970252e-15
6635.414956569004 2.349840932473051e-15
6639.591007039489 2.4540943618476184e-15
6643.767057509975 2.4056479481639246e-15
6647.94310798046 2.3782037396640332e-15
6652.119158450945 2.4999086028273567e-15
6656.2952089214305 2.4266349800666943e-15
6660.471259391916 2.316364053101459e-15
6664.647309862401 2.275498446220699e-15
6668.823360332886 2.360478367928797e-15
6672.999410803372 2.3259870777180324e-15
6677.175461273857 2.2858765990214853e-15
6681.351511744342 2.5025650168346736e-15
6685.527562214827 2.5315963625810218e-15
6689.703612685313 2.4253350924771674e-15
6693.879663155798 2.44579317759552e-15
6698.055713626283 2.359241046465908e-15
6702.2317640967685 2.375081032234464e-15
6706.407814567254 2.396091588672139e-15
6710.583865037739 2.3716306285904406e-15
6714.759915508224 2.323554756019381e-15
6718.93596597871 2.38260698076155e-15
6723.112016449195 2.4925001260055473e-15
6727.28806691968 2.532043806509453e-15
6731.4641173901655 2.4964519765271868e-15
6735.640167860651 2.4160803437736332e-15
6739.816218331136 2.454961848918942e-15
6743.992268801621 2.340546323840569e-15
6748.1683192721075 2.3322391350761487e-15
6752.344369742593 2.407728469563628e-15
6756.520420213078 2.4574573650869364e-15
6760.696470683563 2.4739742809358686e-15
6764.872521154049 2.4973716714414535e-15
6769.048571624534 2.3518590823746706e-15
6773.224622095019 2.6117799826895475e-15
6777.4006725655045 2.373807696624374e-15
6781.57672303599 2.516022973604656e-15
6785.752773506475 2.4460596812091433e-15
6789.92882397696 2.423651548822228e-15
6794.104874447446 2.4221500664989045e-15
6798.280924917931 2.3369819673511226e-15
6802.456975388416 2.3573249462829814e-15
6806.633025858901 2.396098354829685e-15
6810.809076329387 2.3489220827035154e-15
6814.985126799872 2.3250182220873465e-15
6819.161177270357 2.4468318797805752e-15
6823.3372277408425 2.464944518273416e-15
6827.513278211328 2.535984790680133e-15
6831.689328681813 2.5208691464596877e-15
6835.865379152298 2.4435706175374688e-15
6840.041429622784 2.437008320366762e-15
6844.217480093269 2.459804325510713e-15
6848.393530563754 2.600605582014185e-15
6852.5695810342395 2.5722066247028143e-15
6856.745631504725 2.455386953615969e-15
6860.92168197521 2.6190932706826403e-15
6865.097732445695 2.4686268774862855e-15
6869.273782916181 2.0368738732504055e-15
6873.449833386666 1.905664408902521e-15
6877.625883857151 2.24790150681206e-15
6881.801934327636 2.301711830419703e-15
6885.977984798122 2.1331684096719204e-15
6890.154035268607 2.2879945874536433e-15
6894.330085739092 2.2553544887631145e-15
6898.506136209578 2.2535378421974895e-15
6902.682186680063 2.392910462386853e-15
6906.858237150548 2.458756047062124e-15
6911.034287621033 2.4963576133466e-15
6915.210338091519 2.537389703661636e-15
6919.386388562004 2.520112797077205e-15
6923.562439032489 2.468010511596952e-15
6927.738489502975 2.4639353390959323e-15
6931.914539973461 2.4794330884151386e-15
6936.090590443946 2.5836814174676918e-15
6940.266640914431 2.571311144291612e-15
6944.4426913849165 2.4396271672982298e-15
6948.618741855402 2.4289603198299688e-15
6952.794792325887 2.484308493448907e-15
6956.970842796372 2.480638626513247e-15
6961.146893266858 2.482765665685183e-15
6965.322943737343 2.441531312243731e-15
6969.498994207828 2.585611954741003e-15
6973.6750446783135 2.4166309797145434e-15
6977.851095148799 2.385962914731889e-15
6982.027145619284 2.425950142647956e-15
6986.203196089769 2.4515683193032655e-15
6990.379246560255 2.4237293066724713e-15
6994.55529703074 2.3745529625213897e-15
6998.731347501225 2.4205943328504386e-15
7002.90739797171 2.2680996818638854e-15
7007.083448442196 2.41041945193061e-15
7011.259498912681 2.3077222540745395e-15
7015.435549383166 2.3077263159721e-15
7019.611599853652 2.325410811329726e-15
7023.787650324137 2.3783066285198575e-15
7027.963700794622 2.3892333596185484e-15
7032.139751265107 2.3319554429895207e-15
7036.315801735593 2.360736436028142e-15
7040.491852206078 2.283548820091464e-15
7044.667902676563 2.274532023991398e-15
7048.8439531470485 2.4938008345091304e-15
7053.020003617534 2.403027328494893e-15
7057.196054088019 2.4061034768467344e-15
7061.372104558504 2.481127719631444e-15
7065.54815502899 2.5155277275959232e-15
7069.724205499475 2.5929884834485854e-15
7073.90025596996 2.4537410070035846e-15
7078.0763064404455 2.3953193620358127e-15
7082.252356910931 2.4729245464261776e-15
7086.428407381416 2.3268807677258843e-15
7090.604457851901 2.4565951018435705e-15
7094.780508322387 2.4410904531391066e-15
7098.956558792872 2.4027949954756193e-15
7103.132609263357 2.3967216842972816e-15
7107.308659733843 2.4029739252306114e-15
7111.484710204329 2.336748571343879e-15
7115.660760674814 2.486410752813626e-15
7119.836811145299 2.3537410361354277e-15
7124.0128616157845 2.277894085939914e-15
7128.18891208627 2.336280648888489e-15
7132.364962556755 2.3182385558266527e-15
7136.54101302724 2.335230011023228e-15
7140.717063497726 2.3650166425908075e-15
7144.893113968211 2.3044131314315634e-15
7149.069164438696 2.2192297466311632e-15
7153.245214909181 2.419757092242544e-15
7157.421265379667 2.3901685113983678e-15
7161.597315850152 2.408655357457062e-15
7165.773366320637 2.2641371882712104e-15
7169.9494167911225 2.3852975539989477e-15
7174.125467261608 2.3437731998030593e-15
7178.301517732093 2.2678653091345146e-15
7182.477568202578 2.286933189936989e-15
7186.653618673064 2.2014394292013906e-15
7190.829669143549 2.1059669615976042e-15
7195.005719614034 2.1025677750433102e-15
7199.1817700845195 2.2203903977300868e-15
7203.357820555005 2.1991039572638007e-15
7207.53387102549 2.236519923591972e-15
7211.709921495975 2.3558701913357578e-15
7215.885971966461 2.346106534788215e-15
7220.062022436946 2.35039155472673e-15
7224.238072907431 2.3394741555016116e-15
7228.414123377916 2.1689798760510286e-15
7232.590173848402 2.2045953392131736e-15
7236.766224318887 2.3593299353268452e-15
7240.942274789372 2.366771260577349e-15
7245.118325259858 2.2610272756985396e-15
7249.294375730343 2.2232159617566775e-15
7253.470426200828 2.269606765166666e-15
7257.646476671313 2.293028909571511e-15
7261.822527141799 2.2591374642565115e-15
7265.998577612284 2.334765059374819e-15
7270.174628082769 2.3590879606398737e-15
7274.3506785532545 2.3509982228978652e-15
7278.52672902374 2.2253404994202037e-15
7282.702779494225 2.171715731722614e-15
7286.878829964711 2.196064636726237e-15
7291.0548804351965 2.143377938226079e-15
7295.230930905682 2.158474653962351e-15
7299.406981376167 2.255921319374536e-15
7303.583031846652 2.0597578686623378e-15
7307.759082317138 2.112828506399656e-15
7311.935132787623 2.1715789594162775e-15
7316.111183258108 2.123675339885113e-15
7320.2872337285935 2.0188108123322996e-15
7324.463284199079 2.1072998658652406e-15
7328.639334669564 2.1839768426186985e-15
7332.815385140049 2.2099679704760494e-15
7336.991435610535 2.070489754798414e-15
7341.16748608102 2.204579572035551e-15
7345.343536551505 2.230671464616383e-15
7349.51958702199 2.1637750141695294e-15
7353.695637492476 2.113159828853113e-15
7357.871687962961 2.129623846447872e-15
7362.047738433446 2.2006363528613595e-15
7366.223788903932 2.2888078164924347e-15
7370.399839374417 2.2303532566748368e-15
7374.575889844902 2.226803138339969e-15
7378.751940315387 2.082728200147706e-15
7382.927990785873 2.048798879936058e-15
7387.104041256358 1.9418861638544095e-15
7391.280091726843 2.0778735522473197e-15
7395.4561421973285 2.199885429921603e-15
7399.632192667814 2.044298435878874e-15
7403.808243138299 2.005874174035155e-15
7407.984293608784 2.091146794876005e-15
7412.16034407927 2.113693762659374e-15
7416.336394549755 2.0697102946903155e-15
7420.51244502024 2.0606453501238245e-15
7424.6884954907255 1.9491931672172457e-15
7428.864545961211 2.1644196555627093e-15
7433.040596431696 2.1160161107200635e-15
7437.216646902181 2.030382918391022e-15
7441.392697372667 1.978233720487772e-15
7445.568747843152 1.999464366263167e-15
7449.744798313637 2.08259809789069e-15
7453.920848784122 1.9539374827482735e-15
7458.096899254608 2.052865277787587e-15
7462.272949725094 1.972336706710035e-15
7466.449000195579 2.0969857989022537e-15
7470.625050666064 2.0991220988673986e-15
7474.80110113655 2.065445233379056e-15
7478.977151607035 1.944120689243821e-15
7483.15320207752 1.9726618561632725e-15
7487.329252548006 2.025882833795816e-15
7491.505303018491 1.9899754496628287e-15
7495.681353488976 2.092881735087485e-15
7499.857403959461 2.1337461951181677e-15
7504.033454429947 2.0339006793204362e-15
7508.209504900432 2.054087074004816e-15
7512.385555370917 2.0288414624106376e-15
7516.5616058414025 2.044374235701535e-15
7520.737656311888 1.9759329119855755e-15
7524.913706782373 1.9761995146422983e-15
7529.089757252858 2.114756173548444e-15
7533.265807723344 2.1527950493748773e-15
7537.441858193829 2.1351117055091456e-15
7541.617908664314 2.077210270318924e-15
7545.7939591347995 2.0666963401272505e-15
7549.970009605285 2.0905571248850416e-15
7554.14606007577 2.028757087787365e-15
7558.322110546255 2.003613506380522e-15
7562.498161016741 2.0848620528687417e-15
7566.674211487226 2.1871900314776575e-15
7570.850261957711 2.2579958252863872e-15
7575.026312428196 2.1429314508748953e-15
7579.202362898682 2.1539102913972106e-15
7583.378413369167 2.1274956591862907e-15
7587.554463839652 2.066341894034871e-15
7591.730514310138 1.9598546830882268e-15
7595.906564780623 1.5041330517235988e-15
7600.082615251108 8.978551981756142e-16
7604.258665721593 6.061710053470398e-16
7608.434716192079 5.291203110486013e-16
7612.610766662564 1.0074241048530792e-15
7616.786817133049 1.3265069624704732e-15
7620.9628676035345 1.6868359303240946e-15
7625.13891807402 1.3625426078901477e-15
7629.314968544505 1.1484360365310744e-15
7633.49101901499 1.2251823224509468e-15
7637.667069485476 1.2901958573008977e-15
7641.843119955962 1.3773185030852085e-15
7646.019170426447 1.4329087076562736e-15
7650.195220896932 1.5673117143738735e-15
7654.371271367418 1.6389866576865737e-15
7658.547321837903 1.6630081723846316e-15
7662.723372308388 1.730730880441505e-15
7666.8994227788735 1.8491667324183934e-15
7671.075473249359 1.869056382283174e-15
7675.251523719844 1.8464546448304862e-15
7679.427574190329 1.9871267384205354e-15
7683.603624660815 2.0594899862549395e-15
7687.7796751313 2.0516932021663223e-15
7691.955725601785 1.8615407918988656e-15
7696.13177607227 1.831928728015506e-15
7700.307826542756 1.8186911085881636e-15
7704.483877013241 1.946208165296821e-15
7708.659927483726 1.997548432987906e-15
7712.835977954212 1.8275565155192632e-15
7717.012028424697 1.6960967535173064e-15
7721.188078895182 1.8362796507913225e-15
7725.364129365667 1.7332419207364285e-15
7729.540179836153 1.8062164147491945e-15
7733.716230306638 1.8995234813297737e-15
7737.892280777123 1.9407878800745254e-15
7742.0683312476085 1.9505838946011144e-15
7746.244381718094 1.793728603372301e-15
7750.420432188579 1.8157852958733648e-15
7754.596482659064 1.987199572079902e-15
7758.77253312955 1.8700157360930326e-15
7762.948583600035 1.8571717395839503e-15
7767.12463407052 1.788094137706307e-15
7771.3006845410055 1.7910045769343265e-15
7775.476735011491 1.80010355986438e-15
7779.652785481976 1.848551302915034e-15
7783.828835952461 1.7758937104850742e-15
7788.004886422947 1.66754381407053e-15
7792.180936893432 1.7318564744219528e-15
7796.356987363917 1.8689267496581554e-15
7800.533037834402 1.6328061586185086e-15
7804.709088304888 1.8250776196615547e-15
7808.885138775373 1.8930688701894047e-15
7813.061189245858 1.939065889013838e-15
7817.237239716344 1.833655634805879e-15
7821.41329018683 1.876707313409582e-15
7825.589340657315 1.9083165451089366e-15
7829.7653911278 1.75067606118734e-15
7833.941441598286 1.6869429798711664e-15
7838.117492068771 1.872000705007786e-15
7842.293542539256 1.8599323463157346e-15
7846.469593009741 1.922996397228545e-15
7850.645643480227 1.851310347955197e-15
7854.821693950712 1.7139497834650076e-15
7858.997744421197 1.7672714635677486e-15
7863.1737948916825 1.7723670409820444e-15
7867.349845362168 1.7541384279273335e-15
7871.525895832653 1.7925149057520056e-15
7875.701946303138 1.701477856475081e-15
7879.877996773624 1.8164489591171384e-15
7884.054047244109 1.7496206516836444e-15
7888.230097714594 1.7089646840781567e-15
7892.4061481850795 1.7217165050164461e-15
7896.582198655565 1.816460583603066e-15
7900.75824912605 1.7623560361684683e-15
7904.934299596535 1.7711760370723248e-15
7909.110350067021 1.5841973320689828e-15
7913.286400537506 1.7823570754794264e-15
7917.462451007991 1.6277414862354872e-15
7921.638501478476 1.5774720502199735e-15
7925.814551948962 1.6272784932169647e-15
7929.990602419447 1.6234698656631506e-15
7934.166652889932 1.6354953726859401e-15
7938.3427033604175 1.72711146763379e-15
7942.518753830903 1.6556023743457384e-15
7946.694804301388 1.6504866179328785e-15
7950.870854771873 1.7326429166074853e-15
7955.046905242359 1.6682685464650788e-15
7959.222955712844 1.6695377872917544e-15
7963.399006183329 1.6218636764599443e-15
7967.5750566538145 1.6612846832902858e-15
7971.7511071243 1.801346199052056e-15
7975.927157594785 1.774818879452538e-15
7980.10320806527 1.8464601133709616e-15
7984.279258535756 1.5688103420114919e-15
7988.455309006241 1.773656408789172e-15
7992.631359476726 1.6578473402448705e-15
7996.807409947212 1.5194229405820707e-15
8000.983460417698 1.7165991668019331e-15
8005.159510888183 1.6941081819513224e-15
8009.335561358668 1.6938850113237712e-15
8013.5116118291535 1.7111514664112285e-15
8017.687662299639 1.7061874969992408e-15
8021.863712770124 1.600405533324387e-15
8026.039763240609 1.6576561256211541e-15
8030.215813711095 1.6621595848511375e-15
8034.39186418158 1.7379221775202436e-15
8038.567914652065 1.689903069406782e-15
8042.74396512255 1.6547763145044004e-15
8046.920015593036 1.5874867213988923e-15
8051.096066063521 1.6319588540729184e-15
8055.272116534006 1.766350410596294e-15
8059.448167004492 1.8120803398450354e-15
8063.624217474977 1.7602563147732942e-15
8067.800267945462 1.6317001573335677e-15
8071.976318415947 1.5678928921498355e-15
8076.152368886433 1.5735021923183484e-15
8080.328419356918 1.5658250470266388e-15
8084.504469827403 1.6210916738790979e-15
8088.6805202978885 1.6527904282067138e-15
8092.856570768374 1.4962100376731921e-15
8097.032621238859 1.5543455147032945e-15
8101.208671709344 1.782301831111909e-15
8105.38472217983 1.641090711325583e-15
8109.560772650315 1.6707509662793253e-15
8113.7368231208 1.6668684249770847e-15
8117.9128735912855 1.6501547191091778e-15
8122.088924061771 1.6374912854115595e-15
8126.264974532256 1.6138710344889112e-15
8130.441025002741 1.4748464774254449e-15
8134.617075473227 1.4895747135733196e-15
8138.793125943712 1.6499824179481852e-15
8142.969176414197 1.6640307938313568e-15
8147.145226884682 1.5287790609206838e-15
8151.321277355168 1.5194181127551282e-15
8155.497327825653 1.5813643613206403e-15
8159.673378296138 1.4993672764837344e-15
8163.8494287666235 1.4762065276234001e-15
8168.025479237109 1.490689659703145e-15
8172.201529707594 1.5343066195839117e-15
8176.37758017808 1.6414749808700056e-15
8180.553630648566 1.530405087566776e-15
8184.729681119051 1.5615870491019516e-15
8188.905731589536 1.5048136923622564e-15
8193.08178206002 1.5042838502851087e-15
8197.257832530508 1.4857547734786613e-15
8201.433883000991 1.5473784850329894e-15
8205.609933471478 1.530546454594947e-15
8209.785983941962 1.5930283202447286e-15
8213.962034412449 1.5525395167602406e-15
8218.138084882932 1.5111321147528463e-15
8222.31413535342 1.4828438045948897e-15
8226.490185823903 1.4301354426291111e-15
8230.66623629439 1.4292922760892102e-15
8234.842286764873 1.50579572240797e-15
8239.01833723536 1.56597865782958e-15
8243.194387705844 1.5456591223974725e-15
8247.370438176331 1.5705699926956892e-15
8251.546488646814 1.5349641469533169e-15
8255.722539117301 1.508954392823844e-15
8259.898589587785 1.523982278020139e-15
8264.074640058272 1.458230505854073e-15
8268.250690528756 1.5035547950716635e-15
8272.426740999243 1.5010227966063543e-15
8276.602791469726 1.4183747692521397e-15
8280.778841940213 1.5216919046858489e-15
8284.954892410697 1.485142829484538e-15
8289.130942881184 1.5808922007114872e-15
8293.306993351667 1.6408321298665128e-15
8297.483043822154 1.5543164987676042e-15
8301.659094292638 1.4283316082199196e-15
8305.835144763125 1.4670225506048795e-15
8310.011195233608 1.3899515604292107e-15
8314.187245704095 1.4405161706236209e-15
8318.363296174579 1.3806453009190239e-15
8322.539346645066 1.4549418811205406e-15
8326.71539711555 1.6665244466779964e-15
8330.891447586037 1.5122923753791251e-15
8335.06749805652 1.5479152717660022e-15
8339.243548527007 1.775122145520662e-15
8343.41959899749 1.5319249677768872e-15
8347.595649467978 1.4803773264379882e-15
8351.771699938461 1.5708980960245352e-15
8355.947750408948 1.4892127989378223e-15
8360.123800879433 1.445196470761947e-15
8364.299851349919 1.6440588631790731e-15
8368.475901820404 1.5335070577014221e-15
8372.65195229089 1.416714888623761e-15
8376.828002761375 1.482348986254434e-15
8381.00405323186 1.4828575300163995e-15
8385.180103702345 1.3766149203808924e-15
8389.35615417283 1.4942423238819815e-15
8393.532204643316 1.448986121814379e-15
8397.708255113801 1.5942967269683082e-15
8401.884305584286 1.7444695409470037e-15
8406.060356054772 1.449591435174623e-15
8410.236406525257 1.4729259657562934e-15
8414.412456995742 1.486903976627244e-15
8418.588507466227 1.4214879925778554e-15
8422.764557936713 1.5685763856915821e-15
8426.940608407198 1.4397980344168616e-15
8431.116658877683 1.4706138921545958e-15
8435.292709348169 1.5791398209281884e-15
8439.468759818654 1.3968243169455275e-15
8443.644810289139 1.3886067018065466e-15
8447.820860759624 1.513929604312049e-15
8451.99691123011 1.6456754007683225e-15
8456.172961700595 1.58561420568286e-15
8460.34901217108 1.6516376857632947e-15
8464.525062641565 1.4607372780595608e-15
8468.70111311205 1.5499539151146538e-15
8472.877163582536 1.538453104879294e-15
8477.053214053021 1.5438998174505153e-15
8481.229264523507 1.4036442816201397e-15
8485.405314993992 1.4816517153391475e-15
8489.581365464477 1.5454062312086328e-15
8493.757415934962 1.3176875738141844e-15
8497.933466405448 1.3942760799941042e-15
8502.109516875933 1.5358447534791206e-15
8506.285567346418 1.5350809139871554e-15
8510.461617816904 1.5967567765741671e-15
8514.637668287389 1.542672656780218e-15
8518.813718757874 1.6173991149502718e-15
8522.98976922836 1.5911352890759012e-15
8527.165819698845 1.7553948378828496e-15
8531.34187016933 1.6246061111110758e-15
8535.517920639817 1.535298908028743e-15
8539.6939711103 1.2601813964120721e-15
8543.870021580788 1.1880276115051536e-15
8548.046072051271 1.3263272337556103e-15
8552.222122521758 1.4935256150451219e-15
8556.398172992242 1.5085647106318255e-15
8560.574223462729 1.566752196877657e-15
8564.750273933212 1.5665682589240514e-15
8568.9263244037 1.4019423124524136e-15
8573.102374874183 1.3847088396459259e-15
8577.27842534467 1.4368872912116255e-15
8581.454475815153 1.547972382808872e-15
8585.63052628564 1.512024390200492e-15
8589.806576756124 1.434477838761067e-15
8593.982627226611 1.4077698751409071e-15
8598.158677697094 1.541808024616176e-15
8602.334728167581 1.5713592054619531e-15
8606.510778638065 1.5361986408721012e-15
8610.686829108552 1.3986848912547495e-15
8614.862879579036 1.4614629645396631e-15
8619.038930049523 1.430991134633267e-15
8623.214980520006 1.3684211415348698e-15
8627.391030990493 1.4851016452878576e-15
8631.567081460977 1.4997973358140849e-15
8635.743131931464 1.5687885676508462e-15
8639.919182401947 1.7150674731345677e-15
8644.095232872434 1.4961031531116617e-15
8648.271283342918 1.447486128914779e-15
8652.447333813405 1.3643413888753257e-15
8656.623384283888 1.3144052192227372e-15
8660.799434754375 1.272148591589916e-15
8664.975485224859 1.235117789761751e-15
8669.151535695346 1.4285401462702514e-15
8673.32758616583 1.4451650470290442e-15
8677.503636636317 1.5835646946601652e-15
8681.6796871068 1.6012011233009658e-15
8685.855737577287 1.4838222176350444e-15
8690.03178804777 1.4146629256905364e-15
8694.207838518258 1.4029356386056208e-15
8698.383888988741 1.4506202792684219e-15
8702.559939459228 1.5380831084326195e-15
8706.735989929712 1.5420575413685028e-15
8710.912040400199 1.3721197957790308e-15
8715.088090870684 1.3667027388092738e-15
8719.26414134117 1.4627302778919272e-15
8723.440191811655 1.363680498937822e-15
8727.61624228214 1.4488140887369475e-15
8731.792292752625 1.4728174415316541e-15
8735.96834322311 1.5022249577359417e-15
8740.144393693596 1.5183576431844178e-15
8744.320444164081 1.4125472910479849e-15
8748.496494634566 1.4553801338064359e-15
8752.672545105052 1.3537667779544256e-15
8756.848595575537 1.5095638446956276e-15
8761.024646046022 1.6739171634833588e-15
8765.200696516507 1.285432537275279e-15
8769.376746986993 1.3686842563055303e-15
8773.552797457478 1.457592123622329e-15
8777.728847927963 1.3828055883035807e-15
8781.904898398448 1.6425728059215375e-15
8786.080948868934 1.558142679882735e-15
8790.256999339419 1.3514439227756921e-15
8794.433049809904 1.599532569296861e-15
8798.60910028039 1.3967315478515772e-15
8802.785150750875 1.491494268392068e-15
8806.96120122136 1.3222180419090266e-15
8811.137251691845 1.3655260884208255e-15
8815.31330216233 1.4149537525669498e-15
8819.489352632816 1.541183091015239e-15
8823.665403103301 1.2642034434805857e-15
8827.841453573787 1.3779257341003653e-15
8832.017504044272 1.4909580711466113e-15
8836.193554514757 1.4662849054667e-15
8840.369604985242 1.4899574003500432e-15
8844.545655455728 1.5334506284779785e-15
8848.721705926213 1.5893705601214372e-15
8852.897756396698 1.523142978006607e-15
8857.073806867184 1.438369305647517e-15
8861.249857337669 1.3980650333640908e-15
8865.425907808154 1.4200720300971353e-15
8869.60195827864 1.4912503015336666e-15
8873.778008749125 1.4501567478758458e-15
8877.95405921961 1.2146328125105905e-15
8882.130109690095 1.5386536355918938e-15
8886.30616016058 1.535706965407932e-15
8890.482210631068 1.4375606393967187e-15
8894.658261101551 1.5650930204641202e-15
8898.834311572038 1.5462890461667914e-15
8903.010362042522 1.4737617197268236e-15
8907.186412513009 1.4663387203476316e-15
8911.362462983492 1.355239578605325e-15
8915.53851345398 1.459372448320515e-15
8919.714563924463 1.5677923366192395e-15
8923.89061439495 1.3071454070866408e-15
8928.066664865433 1.3676741625094295e-15
8932.24271533592 1.2943474428764769e-15
8936.418765806404 1.286849950496167e-15
8940.594816276891 1.3014744624198575e-15
8944.770866747374 1.4540391216339773e-15
8948.946917217861 1.6178942873688581e-15
8953.122967688345 1.4877018592183374e-15
8957.299018158832 1.4057145865886628e-15
8961.475068629316 1.2976224607126793e-15
8965.651119099803 1.4569165207757018e-15
8969.827169570286 1.5538136730583692e-15
8974.003220040773 1.4749404462273116e-15
8978.179270511257 1.4219978534183002e-15
8982.355320981744 1.4586196868868151e-15
8986.531371452227 1.465048760369843e-15
8990.707421922714 1.4202981850620756e-15
8994.883472393198 1.1273153080151258e-15
8999.059522863685 1.381221032163555e-15
9003.235573334168 1.3956957474908409e-15
9007.411623804655 1.2543231287089337e-15
9011.587674275139 1.2959469670823576e-15
9015.763724745626 1.3273238683688843e-15
9019.93977521611 1.368817438502156e-15
9024.115825686597 1.3240549269825135e-15
9028.29187615708 1.4132504695201509e-15
9032.467926627567 1.454477529306487e-15
9036.64397709805 1.3196670567743875e-15
9040.820027568538 1.4760907729252358e-15
9044.996078039021 1.5016272284479803e-15
9049.172128509508 1.5319007722195357e-15
9053.348178979992 1.5100997591995256e-15
9057.524229450479 1.4388277574487059e-15
9061.700279920962 1.286590123027476e-15
9065.87633039145 1.2705923200412746e-15
9070.052380861935 1.4154473464945404e-15
9074.22843133242 1.2930998962117663e-15
9078.404481802905 1.2422698376362104e-15
9082.58053227339 1.14419597695638e-15
9086.756582743876 1.2633792560442753e-15
9090.932633214361 1.298418806605043e-15
9095.108683684846 1.330985458563167e-15
9099.284734155332 1.3700333784452751e-15
9103.460784625817 1.3918358432875592e-15
9107.636835096302 1.3390528239048976e-15
9111.812885566787 1.2671248276560963e-15
9115.988936037273 1.4432407570972713e-15
9120.164986507758 1.1902678917404998e-15
9124.341036978243 1.439272666870009e-15
9128.517087448728 1.2766729878283544e-15
9132.693137919214 1.4964660083621082e-15
9136.869188389699 1.4422513212110816e-15
9141.045238860184 1.2958102275761933e-15
9145.22128933067 1.3062584532021072e-15
9149.397339801155 1.3559032237342666e-15
9153.57339027164 1.152301783473962e-15
9157.749440742125 9.709205421363739e-16
9161.92549121261 1.327207917668133e-15
9166.101541683096 1.274028086697405e-15
9170.277592153581 1.1888154958164897e-15
9174.453642624067 1.1908485920536785e-15
9178.629693094552 1.3161895842986229e-15
9182.805743565037 1.4188902651183836e-15
9186.981794035522 1.4091953373920242e-15
9191.157844506008 1.2506945582289692e-15
9195.333894976493 1.2168017417783665e-15
9199.509945446978 1.1904094631704823e-15
