wavelength flux
3801.3875297062887 2.786121176151307e-15
3805.422037327922 6.406979095318737e-15
3809.456544949556 7.611007404527401e-15
3813.49105257119 7.102955683794881e-15
3817.5255601928234 7.5963720810983e-15
3821.5600678144574 1.0305635367327555e-14
3825.594575436091 1.1932520488783605e-14
3829.6290830577245 8.172854397427088e-15
3833.663590679358 1.0044954311424394e-14
3837.6980983009917 5.578107193095153e-15
3841.7326059226257 5.675994213146208e-15
3845.7671135442592 6.534859850193136e-15
3849.8016211658933 8.50060266254761e-15
3853.836128787527 7.68660517442236e-15
3857.8706364091604 6.78202738235963e-15
3861.905144030794 9.159366324553645e-15
3865.9396516524275 1.1794590757854866e-14
3869.9741592740615 1.066591872129216e-14
3874.008666895695 1.0547424519238506e-14
3878.043174517329 1.1212234045626963e-14
3882.0776821389627 1.000055509372332e-14
3886.1121897605963 8.34452436945842e-15
3890.14669738223 1.0414850489806e-14
3894.1812050038634 8.125249952524744e-15
3898.2157126254974 1.0101822787524895e-14
3902.2502202471314 1.4537522016096456e-14
3906.284727868765 1.2874247760306676e-14
3910.3192354903986 1.3766275162122479e-14
3914.353743112032 1.5141943655984887e-14
3918.3882507336657 1.2055440661168732e-14
3922.4227583552997 1.1507586811156409e-14
3926.4572659769333 1.158645736744472e-14
3930.4917735985673 1.1752770234645911e-14
3934.526281220201 1.1731010940750024e-14
3938.5607888418344 1.294944945371156e-14
3942.595296463468 1.3669872675158212e-14
3946.6298040851016 1.3602477896044475e-14
3950.6643117067356 1.279218073596123e-14
3954.698819328369 1.075053234401054e-14
3958.733326950003 1.1341642609568663e-14
3962.7678345716367 1.0447379577886794e-14
3966.8023421932703 8.819832818420472e-15
3970.836849814904 6.9480302320965605e-15
3974.8713574365374 8.963585502586104e-15
3978.9058650581715 9.83828900762593e-15
3982.940372679805 1.1677809781815568e-14
3986.974880301439 1.186562459194129e-14
3991.0093879230726 1.0203462511777573e-14
3995.043895544706 1.176430811784716e-14
3999.0784031663397 1.3490068183688281e-14
4003.1129107879733 1.1847677663431161e-14
4007.1474184096073 1.1827737603314365e-14
4011.181926031241 1.1323265992768193e-14
4015.216433652875 1.2288878393428789e-14
4019.2509412745085 1.160602076764006e-14
4023.285448896142 1.0384291937570325e-14
4027.3199565177756 1.2581257701221628e-14
4031.354464139409 1.343592253132701e-14
4035.388971761043 1.2787239551218495e-14
4039.423479382677 1.381004811979224e-14
4043.457987004311 1.2309472942258485e-14
4047.4924946259443 1.1430687581040336e-14
4051.527002247578 1.2516496442118216e-14
4055.5615098692115 1.2919913011841031e-14
4059.5960174908455 1.0852393841792042e-14
4063.630525112479 1.3582432275968613e-14
4067.665032734113 1.3090610575304105e-14
4071.6995403557466 1.2765932749180374e-14
4075.73404797738 1.2827587601658559e-14
4079.768555599014 1.2159775881535188e-14
4083.8030632206473 1.1083901634087517e-14
4087.8375708422814 1.2348621153229257e-14
4091.872078463915 1.0789013859305826e-14
4095.906586085549 1.1996538951193711e-14
4099.9410937071825 9.52670533249012e-15
4103.975601328816 1.0073487450764657e-14
4108.01010895045 9.025402177370906e-15
4112.044616572083 1.1085989794045122e-14
4116.079124193717 1.1322133487314797e-14
4120.113631815351 1.3011028058097876e-14
4124.148139436985 1.2972033471024698e-14
4128.182647058618 1.2538534398013315e-14
4132.217154680252 1.1464197031850938e-14
4136.2516623018855 1.1871269850772857e-14
4140.286169923519 1.3029942623026425e-14
4144.320677545153 1.0803313866143878e-14
4148.355185166787 1.1557917505522805e-14
4152.389692788421 1.253601914468367e-14
4156.424200410054 1.2614490501420898e-14
4160.458708031688 1.3005274526946435e-14
4164.493215653321 1.2472554396072896e-14
4168.527723274956 1.18571330630706e-14
4172.5622308965885 1.2158705477968822e-14
4176.596738518223 1.2689234656572912e-14
4180.631246139857 1.2274893667796426e-14
4184.66575376149 1.2088645702039327e-14
4188.700261383124 1.1852887844006753e-14
4192.734769004757 1.2144632085578376e-14
4196.769276626392 1.1789348269186607e-14
4200.803784248024 1.2064007627377735e-14
4204.838291869659 1.227161821785815e-14
4208.872799491292 1.339189384287889e-14
4212.907307112926 1.2726630440122261e-14
4216.94181473456 1.2295727260134125e-14
4220.976322356193 1.2261441862052184e-14
4225.010829977828 1.2421742835430393e-14
4229.04533759946 1.2636557066674555e-14
4233.079845221095 1.2105018260339509e-14
4237.114352842728 1.1828579919599595e-14
4241.148860464362 1.213452119885863e-14
4245.183368085995 1.1427721575933654e-14
4249.217875707629 1.1710848627766306e-14
4253.2523833292635 1.3202099581176623e-14
4257.286890950896 1.3210031518591404e-14
4261.321398572531 1.1941664088803034e-14
4265.355906194164 1.2497832945605261e-14
4269.390413815798 1.2137838681669156e-14
4273.424921437431 1.2106188965938499e-14
4277.459429059065 1.2781551096566682e-14
4281.493936680699 1.2339210695077279e-14
4285.528444302333 1.2105529163907498e-14
4289.5629519239665 1.196929089830517e-14
4293.5974595456 1.242501877296697e-14
4297.631967167234 1.2376296129111562e-14
4301.666474788867 1.1909774715589514e-14
4305.700982410501 1.1993963303024587e-14
4309.735490032135 1.2314360441833504e-14
4313.769997653769 1.2929359316671755e-14
4317.804505275402 1.2559225557464094e-14
4321.839012897036 1.2309904618523361e-14
4325.8735205186695 1.2293359653774434e-14
4329.908028140303 1.1357404882750091e-14
4333.942535761937 1.0044638106011841e-14
4337.977043383571 9.48646557477931e-15
4342.011551005205 9.026467064809791e-15
4346.046058626838 9.363139016603792e-15
4350.080566248472 1.0732377879071952e-14
4354.115073870105 1.1385932611017018e-14
4358.149581491739 1.1597337594447983e-14
4362.1840891133725 1.2173881235694645e-14
4366.218596735007 1.2179657893849215e-14
4370.2531043566405 1.200051732981508e-14
4374.287611978274 1.1731080400022142e-14
4378.322119599908 1.1756055915640562e-14
4382.356627221541 1.1428793937212621e-14
4386.391134843175 1.144198113775354e-14
4390.425642464808 1.1847681436784544e-14
4394.460150086443 1.1079156556731736e-14
4398.494657708076 1.215976862702992e-14
4402.52916532971 1.1511294821327085e-14
4406.5636729513435 1.2503614065347653e-14
4410.598180572977 1.1736399958418147e-14
4414.632688194611 1.207219261150936e-14
4418.667195816244 1.2068770641616043e-14
4422.701703437879 1.1416097432004673e-14
4426.736211059512 1.1865293617156575e-14
4430.770718681146 1.140048376686642e-14
4434.805226302779 1.1712787157209166e-14
4438.839733924413 1.2240525196503103e-14
4442.874241546047 1.1737018731836461e-14
4446.90874916768 1.200736221871694e-14
4450.943256789315 1.192041393471791e-14
4454.977764410948 1.1602248875602706e-14
4459.012272032582 1.1550070668328469e-14
4463.046779654215 1.1634891923711156e-14
4467.081287275849 1.1691975291904327e-14
4471.115794897483 1.138074988311256e-14
4475.150302519116 1.1211312093769732e-14
4479.18481014075 1.1448728787009603e-14
4483.219317762384 1.19800409861426e-14
4487.253825384018 1.191384548977883e-14
4491.288333005651 1.228530246477946e-14
4495.322840627285 1.2003910250585785e-14
4499.357348248919 1.1929366984508845e-14
4503.391855870552 1.2370705756579166e-14
4507.426363492186 1.216222927057733e-14
4511.46087111382 1.2265893933078838e-14
4515.495378735453 1.2995111835520828e-14
4519.529886357087 1.2984309951878775e-14
4523.564393978721 1.3396075027776785e-14
4527.598901600355 1.219808733438575e-14
4531.633409221988 1.2404857943959443e-14
4535.667916843622 1.213717462783361e-14
4539.702424465256 1.235229012902998e-14
4543.736932086889 1.2554341040246289e-14
4547.771439708523 1.2358517011363758e-14
4551.805947330156 1.2361004463113895e-14
4555.840454951791 1.2074599837776393e-14
4559.8749625734235 1.1734113542210048e-14
4563.909470195058 1.1894971472874784e-14
4567.943977816692 1.2391120085780386e-14
4571.978485438325 1.269442292484857e-14
4576.01299305996 1.1770568744361022e-14
4580.047500681592 1.2114732507392453e-14
4584.082008303227 1.2264278960411586e-14
4588.116515924859 1.2265752551883756e-14
4592.151023546494 1.1750989055020341e-14
4596.185531168127 1.1811660772933127e-14
4600.220038789761 1.1824747766706978e-14
4604.2545464113955 1.177427712051769e-14
4608.289054033028 1.214942367796017e-14
4612.323561654663 1.2384160616972306e-14
4616.358069276295 1.1988703201459637e-14
4620.39257689793 1.1414611710938644e-14
4624.427084519563 1.1987003720693033e-14
4628.461592141197 1.217851403446686e-14
4632.496099762831 1.200335749493698e-14
4636.530607384464 1.2034773712284687e-14
4640.5651150060985 1.1875823332957156e-14
4644.599622627732 1.1808036397390222e-14
4648.634130249366 1.1772985803759464e-14
4652.668637870999 1.1577362473055638e-14
4656.703145492633 1.1651581393707486e-14
4660.737653114267 1.1587524154420191e-14
4664.7721607359 1.1488920847869612e-14
4668.806668357534 1.1763886562156166e-14
4672.841175979168 1.2087321316603332e-14
4676.8756836008015 1.1607906771216219e-14
4680.910191222435 1.1623726335379244e-14
4684.944698844069 1.1926053032454951e-14
4688.979206465703 1.2050004425195213e-14
4693.013714087336 1.1670240702512826e-14
4697.04822170897 1.1921933236439843e-14
4701.082729330604 1.2119853663864367e-14
4705.117236952237 1.1797514954780794e-14
4709.151744573871 1.170996873658032e-14
4713.1862521955045 1.1379481832299826e-14
4717.220759817139 1.0996109350153909e-14
4721.255267438772 1.125197094032362e-14
4725.289775060406 1.1311922182349598e-14
4729.32428268204 1.129746281253623e-14
4733.358790303673 1.17577039168773e-14
4737.393297925307 1.22273735773198e-14
4741.42780554694 1.2098052208396311e-14
4745.462313168575 1.1259136948723877e-14
4749.4968207902075 1.2193748336055453e-14
4753.531328411842 1.177947040909577e-14
4757.5658360334755 1.1825601892565609e-14
4761.600343655109 1.1386074678370164e-14
4765.634851276743 1.1034893534639241e-14
4769.669358898376 1.1318714450919555e-14
4773.703866520011 1.1328474283797815e-14
4777.738374141643 1.1569787285703764e-14
4781.772881763278 1.1674614785730339e-14
4785.807389384911 1.1889016368205481e-14
4789.841897006545 1.2294720011671436e-14
4793.8764046281785 1.2276872412515067e-14
4797.910912249812 1.1785401733528454e-14
4801.945419871447 1.2260621531444036e-14
4805.979927493079 1.2427415497079319e-14
4810.014435114714 1.2162984506464188e-14
4814.048942736347 1.2334138449928973e-14
4818.083450357981 1.2458853572983544e-14
4822.117957979615 1.2649169237146289e-14
4826.152465601248 1.2016512340299959e-14
4830.186973222882 1.2794773101355636e-14
4834.221480844515 1.2957087562098311e-14
4838.25598846615 1.2633967053458651e-14
4842.290496087783 1.2172557604009099e-14
4846.325003709417 1.2088545491099176e-14
4850.359511331051 1.1975240619894234e-14
4854.394018952684 1.1437744721954118e-14
4858.428526574318 1.1842049146156002e-14
4862.463034195951 1.2054380235641507e-14
4866.497541817585 1.190158051897662e-14
4870.532049439219 1.2050260072611059e-14
4874.566557060853 1.1683481177760646e-14
4878.601064682487 1.1941816315353767e-14
4882.63557230412 1.1834879644442608e-14
4886.670079925754 1.163097379739494e-14
4890.704587547388 1.2004713243674151e-14
4894.739095169021 1.2067587280925342e-14
4898.773602790655 1.199174235148922e-14
4902.808110412288 1.209438743579141e-14
4906.842618033923 1.2061905099749193e-14
4910.877125655556 1.228000754625604e-14
4914.91163327719 1.2530924428247393e-14
4918.946140898824 1.233208475193901e-14
4922.980648520457 1.1586744639828417e-14
4927.015156142091 1.17054068717106e-14
4931.049663763724 1.1887759949973705e-14
4935.084171385359 1.1962286660730418e-14
4939.118679006991 1.1792483705170873e-14
4943.153186628626 1.199858014254266e-14
4947.1876942502595 1.1848170723279042e-14
4951.222201871893 1.1687069081243855e-14
4955.256709493527 1.1600779855500458e-14
4959.29121711516 1.1493464047325258e-14
4963.325724736795 1.146813629528131e-14
4967.360232358427 1.156900047624555e-14
4971.394739980062 1.1613214940540094e-14
4975.429247601695 1.1726423384562583e-14
4979.463755223329 1.1367373891189783e-14
4983.4982628449625 1.1286555607081611e-14
4987.532770466596 1.1187023377021705e-14
4991.5672780882305 1.1399067410258711e-14
4995.601785709863 1.1521572933690145e-14
4999.636293331498 1.1646505959923596e-14
5003.670800953131 1.1365859732565401e-14
5007.705308574765 1.1240339601879344e-14
5011.739816196398 1.142210023793817e-14
5015.774323818032 1.1318235172623922e-14
5019.808831439666 1.1417219069651692e-14
5023.843339061299 1.1510497718402615e-14
5027.8778466829335 1.1455123522881542e-14
5031.912354304567 1.1419620483541548e-14
5035.946861926201 1.1233302750911163e-14
5039.981369547834 1.1376003538958642e-14
5044.015877169468 1.1207287073299174e-14
5048.050384791102 1.1256699552399158e-14
5052.084892412735 1.1307730985150944e-14
5056.119400034369 1.1282105671804713e-14
5060.153907656003 1.144599016635339e-14
5064.1884152776365 1.1408399601662606e-14
5068.222922899271 1.1219810593989397e-14
5072.257430520904 1.1594710882054042e-14
5076.291938142538 1.1493357901640823e-14
5080.326445764171 1.1600337289493408e-14
5084.360953385805 1.1655197795920096e-14
5088.395461007439 1.1572821115473849e-14
5092.429968629072 1.1248446363097776e-14
5096.464476250707 1.1400085512274781e-14
5100.4989838723395 1.1792490791457541e-14
5104.533491493974 1.1973032776111238e-14
5108.567999115607 1.1910993674072975e-14
5112.602506737241 1.1679768976887836e-14
5116.637014358875 1.1477434399965662e-14
5120.671521980508 1.1436373864650237e-14
5124.706029602143 1.1630305443847955e-14
5128.740537223775 1.1475867583299082e-14
5132.77504484541 1.1489071924639474e-14
5136.809552467043 1.1239792139748465e-14
5140.844060088677 1.1224727817980599e-14
5144.878567710311 1.1257023447317113e-14
5148.913075331944 1.144904525908243e-14
5152.947582953579 1.1585619132530043e-14
5156.982090575211 1.1773939780977464e-14
5161.016598196846 1.205473308936227e-14
5165.051105818479 1.1636327365984862e-14
5169.085613440113 1.1504352736460393e-14
5173.120121061746 1.2313293950477461e-14
5177.15462868338 1.2107148333193183e-14
5181.1891363050145 1.1785691117031465e-14
5185.223643926647 1.1719229356372937e-14
5189.258151548282 1.172692129891351e-14
5193.292659169915 1.1861914197564612e-14
5197.327166791549 1.1896328738496283e-14
5201.361674413182 1.1753065631657088e-14
5205.396182034816 1.1824498618839082e-14
5209.43068965645 1.1802207281586083e-14
5213.465197278083 1.1802983361748252e-14
5217.4997048997175 1.2047890995827073e-14
5221.534212521351 1.1756914753333242e-14
5225.568720142985 1.162612919695246e-14
5229.603227764618 1.173852407260236e-14
5233.637735386252 1.1804286459634217e-14
5237.672243007886 1.1641949185213879e-14
5241.706750629519 1.1605804335058725e-14
5245.741258251153 1.1651562869019601e-14
5249.775765872787 1.132920028072095e-14
5253.8102734944205 1.1481232960138372e-14
5257.844781116054 1.1194294363288667e-14
5261.879288737688 1.212732040942505e-14
5265.913796359322 1.1585615421021873e-14
5269.948303980955 1.192566994203249e-14
5273.982811602589 1.2009794436713855e-14
5278.017319224223 1.1964319320180586e-14
5282.051826845856 1.1660934855006531e-14
5286.08633446749 1.1628730342475452e-14
5290.1208420891235 1.1886320186835496e-14
5294.155349710758 1.1285720153071768e-14
5298.189857332391 1.127165329746168e-14
5302.224364954025 1.1769358141097707e-14
5306.258872575659 1.1868232146793863e-14
5310.293380197292 1.1917733336549725e-14
5314.327887818927 1.2100076287389385e-14
5318.362395440559 1.2288170262798024e-14
5322.396903062194 1.1912664904415693e-14
5326.4314106838265 1.1609549850058486e-14
5330.465918305461 1.1787943532450442e-14
5334.5004259270945 1.1583772566671607e-14
5338.534933548728 1.1309289850251296e-14
5342.569441170363 1.1710104657485946e-14
5346.603948791995 1.1880859921725682e-14
5350.63845641363 1.1520872652343452e-14
5354.672964035262 1.1572620808463007e-14
5358.707471656897 1.1942581179275595e-14
5362.74197927853 1.2108207674272659e-14
5366.776486900164 1.2102393903448475e-14
5370.810994521798 1.1888315331536995e-14
5374.845502143431 1.1779981175266019e-14
5378.880009765066 1.177736624173664e-14
5382.914517386699 1.1421206453156815e-14
5386.949025008333 1.2142008514358951e-14
5390.983532629966 1.174108270210421e-14
5395.0180402516 1.1733340248250744e-14
5399.052547873234 1.1631013797159535e-14
5403.087055494867 1.1770923303703974e-14
5407.121563116501 1.1777713169310859e-14
5411.156070738135 1.1624599335190522e-14
5415.190578359769 1.1402282931242601e-14
5419.225085981402 1.141731556763434e-14
5423.259593603036 1.1382591082055598e-14
5427.29410122467 1.1837521862225394e-14
5431.328608846303 1.1761992181016376e-14
5435.363116467937 1.1934252061178442e-14
5439.397624089571 1.1843778532296487e-14
5443.432131711204 1.1681374785746983e-14
5447.466639332838 1.1585494925152785e-14
5451.501146954472 1.1591921166176408e-14
5455.535654576106 1.1768711272882159e-14
5459.570162197739 1.1754536225005562e-14
5463.604669819373 1.163402428460243e-14
5467.639177441007 1.184919107848023e-14
5471.67368506264 1.1916095558129007e-14
5475.708192684274 1.1694820392993014e-14
5479.742700305907 1.1473157393967093e-14
5483.777207927542 1.1456042574229645e-14
5487.811715549175 1.1632006761638912e-14
5491.846223170809 1.1880342782380213e-14
5495.880730792443 1.1671953468119249e-14
5499.915238414076 1.1745377841773058e-14
5503.94974603571 1.1301512319130262e-14
5507.984253657343 1.1765265499244357e-14
5512.018761278978 1.1641642020452947e-14
5516.05326890061 1.145959013849576e-14
5520.087776522245 1.1848544440572252e-14
5524.1222841438785 1.2150798648856453e-14
5528.156791765512 1.2059035163141111e-14
5532.191299387146 1.1933591453631578e-14
5536.225807008779 1.2151076689436303e-14
5540.260314630414 1.1728175068198931e-14
5544.294822252046 1.1825146438618816e-14
5548.329329873681 1.216608666522943e-14
5552.363837495314 1.2049700342008284e-14
5556.398345116948 1.190014781537431e-14
5560.4328527385815 1.1942295271592301e-14
5564.467360360215 1.2074748004696813e-14
5568.5018679818495 1.2337582270881676e-14
5572.536375603482 1.1596404165897514e-14
5576.570883225117 1.1638105392475701e-14
5580.60539084675 1.2013517766638164e-14
5584.639898468384 1.1869567778976505e-14
5588.674406090018 1.1902917998848973e-14
5592.708913711651 1.2132523925566319e-14
5596.743421333285 1.2133070355172382e-14
5600.777928954918 1.201413542291595e-14
5604.8124365765525 1.187725032574455e-14
5608.846944198186 1.1606681920794971e-14
5612.88145181982 1.1946050479382798e-14
5616.915959441454 1.2099913743270187e-14
5620.950467063087 1.1641609323911226e-14
5624.984974684721 1.1757411971889663e-14
5629.019482306355 1.1786226319606933e-14
5633.053989927988 1.1749380801070064e-14
5637.088497549622 1.1757741795541913e-14
5641.1230051712555 1.1864283456674956e-14
5645.15751279289 1.2101529868376206e-14
5649.192020414523 1.1989565022481839e-14
5653.226528036157 1.2211213038816709e-14
5657.261035657791 1.1758019135414437e-14
5661.295543279424 1.1592225382603261e-14
5665.330050901058 1.1880330208853086e-14
5669.364558522691 1.1932559949084917e-14
5673.399066144326 1.1860853994859139e-14
5677.4335737659585 1.1782967876369516e-14
5681.468081387593 1.1680398495602665e-14
5685.5025890092265 1.2211814235425538e-14
5689.53709663086 1.1966405130235832e-14
5693.571604252494 1.1960979688735196e-14
5697.606111874127 1.2211524722114885e-14
5701.640619495762 1.1726687139305406e-14
5705.675127117394 1.1676459052589433e-14
5709.709634739029 1.1833088093553147e-14
5713.744142360662 1.179831477682271e-14
5717.778649982296 1.168081615241148e-14
5721.8131576039295 1.1839601250700424e-14
5725.847665225563 1.1754119517964465e-14
5729.882172847198 1.1745324594622209e-14
5733.91668046883 1.1869298624672083e-14
5737.951188090465 1.1779360422996196e-14
5741.985695712098 1.1852194675683885e-14
5746.020203333732 1.1893679342141054e-14
5750.054710955365 1.1691664722760889e-14
5754.089218576999 1.1457816907998232e-14
5758.123726198633 1.1609695712767346e-14
5762.158233820266 1.1935279832067696e-14
5766.192741441901 1.1740462795975356e-14
5770.227249063534 1.1495145952352208e-14
5774.261756685168 1.1445803375692945e-14
5778.296264306801 1.1269687176312703e-14
5782.330771928435 1.1149634479776386e-14
5786.365279550069 1.1317161650668158e-14
5790.399787171702 1.1311901466505365e-14
5794.434294793336 1.1319612041843533e-14
5798.46880241497 1.1453388104974013e-14
5802.503310036604 1.1559918122877775e-14
5806.537817658237 1.1541227957473176e-14
5810.572325279871 1.1773377670795215e-14
5814.606832901505 1.1846066216553078e-14
5818.641340523138 1.1677349219737148e-14
5822.675848144772 1.1722907947712922e-14
5826.710355766406 1.2235753069051443e-14
5830.744863388039 1.1942955098525671e-14
5834.779371009674 1.1927163476673207e-14
5838.813878631307 1.1977691619497239e-14
5842.848386252941 1.2111588331213241e-14
5846.882893874574 1.1949168464375398e-14
5850.917401496208 1.1734807476573455e-14
5854.951909117842 1.1776349663245925e-14
5858.986416739475 1.1935734327224415e-14
5863.02092436111 1.2075519470220729e-14
5867.055431982742 1.1470872763334344e-14
5871.089939604377 1.1418178662579372e-14
5875.1244472260105 1.154363295945135e-14
5879.158954847644 1.1538196867773727e-14
5883.193462469278 1.1554739198810873e-14
5887.227970090911 1.1337552684741972e-14
5891.262477712546 1.0971697341058339e-14
5895.296985334178 1.0592387207108627e-14
5899.331492955813 1.0760539161988335e-14
5903.366000577446 1.142900329417531e-14
5907.40050819908 1.1762609683079127e-14
5911.4350158207135 1.1667930941236323e-14
5915.469523442347 1.1636486778953293e-14
5919.5040310639815 1.1776598707418489e-14
5923.538538685614 1.193475884768644e-14
5927.573046307249 1.1714631343906875e-14
5931.607553928882 1.1826794626552567e-14
5935.642061550516 1.1764063412325884e-14
5939.676569172149 1.1665179542039082e-14
5943.711076793783 1.1803908732768447e-14
5947.745584415417 1.1985211153452021e-14
5951.78009203705 1.1890782424974109e-14
5955.8145996586845 1.1675175647027111e-14
5959.849107280318 1.1614466567197044e-14
5963.883614901952 1.1723678404811228e-14
5967.918122523585 1.194200569003544e-14
5971.952630145219 1.1649736773216817e-14
5975.987137766853 1.176959437552206e-14
5980.021645388486 1.1926391224854753e-14
5984.05615301012 1.1805238880671456e-14
5988.090660631754 1.1498166273113977e-14
5992.1251682533875 1.1464987502248529e-14
5996.159675875021 1.1645309752050556e-14
6000.194183496655 1.1630067949333465e-14
6004.228691118289 1.1784565530666461e-14
6008.263198739922 1.1408053977871826e-14
6012.297706361556 1.1537162105709162e-14
6016.33221398319 1.1707945759042909e-14
6020.366721604823 1.1767812962623113e-14
6024.401229226457 1.1784083031179363e-14
6028.4357368480905 1.1595007766208612e-14
6032.470244469725 1.177287427403405e-14
6036.504752091358 1.1578026128211039e-14
6040.539259712992 1.1609238731273493e-14
6044.573767334626 1.1609323028616233e-14
6048.608274956259 1.1534054902439585e-14
6052.642782577893 1.1458834202100411e-14
6056.677290199526 1.155056823032341e-14
6060.711797821161 1.1626678976546471e-14
6064.7463054427935 1.1495661568719996e-14
6068.780813064428 1.1561175540500419e-14
6072.815320686062 1.1750042279670145e-14
6076.849828307695 1.1675345240227011e-14
6080.88433592933 1.1715650899499253e-14
6084.918843550962 1.1800466896979974e-14
6088.953351172597 1.1779558086304638e-14
6092.987858794229 1.1804552383116343e-14
6097.022366415864 1.1452766264749732e-14
6101.056874037497 1.1905215692290576e-14
6105.091381659131 1.1826346609387716e-14
6109.1258892807655 1.1740652944474704e-14
6113.160396902398 1.1711256862288182e-14
6117.194904524033 1.1663538265203107e-14
6121.229412145665 1.1649507049835335e-14
6125.2639197673 1.1708781380818385e-14
6129.298427388933 1.1300826735662657e-14
6133.332935010567 1.1747745827568258e-14
6137.367442632201 1.16246186664354e-14
6141.401950253834 1.1686520986934485e-14
6145.4364578754685 1.162613875459168e-14
6149.470965497102 1.1547537049141747e-14
6153.505473118736 1.1639321129524811e-14
6157.539980740369 1.1736072409024019e-14
6161.574488362003 1.1635144105368803e-14
6165.608995983637 1.1422008302069493e-14
6169.64350360527 1.1329045190830463e-14
6173.678011226904 1.13042919880808e-14
6177.712518848538 1.1289734942534708e-14
6181.7470264701715 1.1264228828471407e-14
6185.781534091805 1.1310679009880029e-14
6189.816041713439 1.1471977265779856e-14
6193.850549335073 1.1464896861847818e-14
6197.885056956706 1.1561533029948751e-14
6201.91956457834 1.1461499462099481e-14
6205.954072199974 1.1152749268011538e-14
6209.988579821607 1.1310654054337331e-14
6214.023087443241 1.1509236252482296e-14
6218.0575950648745 1.1372762989327547e-14
6222.092102686509 1.1331148101230518e-14
6226.126610308142 1.1681625853050955e-14
6230.161117929776 1.1548008688067135e-14
6234.19562555141 1.1925278797574712e-14
6238.230133173043 1.1764599699910932e-14
6242.264640794677 1.1604991159220257e-14
6246.29914841631 1.1532923926367718e-14
6250.333656037945 1.1491051400129414e-14
6254.3681636595775 1.166756216619074e-14
6258.402671281212 1.1396852887297046e-14
6262.4371789028455 1.1772906306010404e-14
6266.471686524479 1.1215477141562103e-14
6270.506194146113 1.1215416944406864e-14
6274.540701767746 1.1161655892031577e-14
6278.575209389381 1.083213090921953e-14
6282.609717011013 1.0489252962805363e-14
6286.644224632648 1.0073228120595083e-14
6290.678732254281 1.0712640824699759e-14
6294.713239875915 1.101780539843775e-14
6298.7477474975485 1.0955132847162343e-14
6302.782255119182 1.1184063272492171e-14
6306.816762740817 1.1349733529500616e-14
6310.851270362449 1.1328666483922957e-14
6314.885777984084 1.1088039462057855e-14
6318.920285605717 1.1147798267065444e-14
6322.954793227351 1.1533158967869973e-14
6326.989300848985 1.1510127657621339e-14
6331.023808470618 1.1482026320910893e-14
6335.058316092252 1.1396445423334326e-14
6339.092823713885 1.1442162143089531e-14
6343.12733133552 1.1498423956622528e-14
6347.161838957153 1.1290763332726478e-14
6351.196346578787 1.1199908250379866e-14
6355.230854200421 1.1359547761487687e-14
6359.265361822054 1.121834999804769e-14
6363.299869443688 1.1256139059794363e-14
6367.334377065321 1.1165105158197542e-14
6371.368884686955 1.1101684567523923e-14
6375.403392308589 1.1291450160013908e-14
6379.437899930223 1.1376728681666085e-14
6383.472407551857 1.1733056096886168e-14
6387.50691517349 1.1620700413789474e-14
6391.541422795124 1.1495949236788495e-14
6395.575930416758 1.1322006678683031e-14
6399.610438038391 1.1172255236819197e-14
6403.644945660025 1.1189410177392272e-14
6407.679453281658 1.1313578764906307e-14
6411.713960903293 1.1710671807191076e-14
6415.748468524926 1.1121437376395094e-14
6419.78297614656 1.1351360728878167e-14
6423.817483768194 1.1343517514134925e-14
6427.851991389827 1.1318388497063873e-14
6431.886499011461 1.1390832386445346e-14
6435.921006633094 1.1396014782822672e-14
6439.955514254729 1.1217217672298418e-14
6443.990021876361 1.1505230876145966e-14
6448.024529497996 1.1232154877251028e-14
6452.0590371196295 1.1304720714420665e-14
6456.093544741263 1.1272888858754319e-14
6460.128052362897 1.1276545083774282e-14
6464.16255998453 1.1218833096380008e-14
6468.197067606165 1.1075412450851805e-14
6472.231575227797 1.1079179260122775e-14
6476.266082849432 1.126913737091142e-14
6480.300590471065 1.1029351700656695e-14
6484.335098092699 1.1319113867021239e-14
6488.3696057143325 1.1279306821732543e-14
6492.404113335966 1.1245922323881139e-14
6496.4386209576005 1.1183543212060062e-14
6500.473128579233 1.0959189515452501e-14
6504.507636200868 1.116059311815282e-14
6508.542143822501 1.144495768180543e-14
6512.576651444135 1.1306919487967407e-14
6516.611159065768 1.121011327992229e-14
6520.645666687402 1.1173842683547492e-14
6524.680174309036 1.1304755548209715e-14
6528.714681930669 1.1436177410821804e-14
6532.7491895523035 1.1251228232860978e-14
6536.783697173937 1.098807160160228e-14
6540.818204795571 1.0985851774404688e-14
6544.852712417204 1.1367973444936575e-14
6548.887220038838 1.215249854541692e-14
6552.921727660472 2.908523285850717e-17
6556.956235282105 2.906787765544061e-17
6560.990742903739 2.9051955537659864e-17
6565.025250525373 2.903756170844197e-17
6569.0597581470065 2.9024773126577073e-17
6573.09426576864 2.901366906753389e-17
6577.128773390274 1.2860905623199755e-14
6581.163281011908 1.1545720825114273e-14
6585.197788633542 1.1172549855436424e-14
6589.232296255175 1.0922877394948468e-14
6593.266803876809 1.1006481287734716e-14
6597.301311498442 1.105443492737923e-14
6601.335819120076 1.0929117615625627e-14
6605.3703267417095 1.1045757406968374e-14
6609.404834363344 1.1106364386439458e-14
6613.439341984978 1.0918039693233819e-14
6617.473849606611 1.0756900167231057e-14
6621.508357228245 1.1085013970555088e-14
6625.542864849878 1.103431585648107e-14
6629.577372471512 1.1021677091594868e-14
6633.611880093145 1.108226604528638e-14
6637.64638771478 1.111038037782374e-14
6641.680895336413 1.1217863867965859e-14
6645.715402958047 1.1314412212070064e-14
6649.7499105796805 1.1152193211428234e-14
6653.784418201314 1.0968187804450738e-14
6657.818925822948 1.0855587476614406e-14
6661.853433444582 1.0940557954566193e-14
6665.887941066216 1.0960838005042868e-14
6669.922448687849 1.0920224951083625e-14
6673.956956309483 1.0853497973826164e-14
6677.991463931116 1.091520705395568e-14
6682.02597155275 1.1057986454621401e-14
6686.0604791743835 1.088795503677293e-14
6690.094986796018 1.103049119024561e-14
6694.129494417652 1.0997194683900386e-14
6698.164002039285 1.1306810497103701e-14
6702.198509660919 1.1262710423591299e-14
6706.233017282552 1.1039281141647046e-14
6710.267524904186 1.1001928129626685e-14
6714.302032525819 1.0907514966013418e-14
6718.336540147454 1.1201487729996096e-14
6722.371047769087 1.0930966169085103e-14
6726.405555390721 1.094603576328692e-14
6730.440063012355 1.0957812405814919e-14
6734.474570633988 1.0995607961356862e-14
6738.509078255622 1.1029836042583276e-14
6742.543585877255 1.105997192387183e-14
6746.57809349889 1.118188908149655e-14
6750.612601120523 1.1162675677325417e-14
6754.647108742157 1.1184049837479573e-14
6758.68161636379 1.1133951318890902e-14
6762.716123985424 1.120169393570984e-14
6766.750631607058 1.1195785783198267e-14
6770.785139228691 1.0927961541609098e-14
6774.819646850326 1.1368243808619473e-14
6778.854154471959 1.1302862654036221e-14
6782.888662093593 1.1130572119237621e-14
6786.923169715226 1.0986187062837295e-14
6790.95767733686 1.1042743325683493e-14
6794.992184958493 1.117388767448141e-14
6799.026692580128 1.120175660711255e-14
6803.0612002017615 1.129972145570388e-14
6807.095707823395 1.1127013512825102e-14
6811.130215445029 1.1227241073656457e-14
6815.164723066662 1.1488398082162159e-14
6819.199230688296 1.1520876312895545e-14
6823.233738309929 1.1420924952722063e-14
6827.268245931564 1.1291723950982159e-14
6831.302753553197 1.1210007768268836e-14
6835.337261174831 1.1681866048845272e-14
6839.3717687964645 1.1535792522457866e-14
6843.406276418098 1.1500344968565309e-14
6847.440784039732 1.1560417331218781e-14
6851.475291661365 1.1503663583534318e-14
6855.509799283 1.1478415972391732e-14
6859.544306904633 1.1554729532607956e-14
6863.578814526267 1.1073074152668463e-14
6867.6133221479 1.011856782040715e-14
6871.647829769534 9.187190763115171e-15
6875.6823373911675 9.138899766228212e-15
6879.716845012801 9.81148422429015e-15
6883.7513526344355 1.0556199337924716e-14
6887.785860256069 1.072755843175548e-14
6891.820367877703 1.0205136745679623e-14
6895.854875499336 1.032308040645253e-14
6899.88938312097 1.0384872104773638e-14
6903.923890742603 1.0493820927498014e-14
6907.958398364238 1.0782041995209184e-14
6911.992905985871 1.0970062149694666e-14
6916.027413607505 1.0900265594847267e-14
6920.0619212291385 1.1076081029143394e-14
6924.096428850772 1.1347847901157195e-14
6928.130936472406 1.0917705518289714e-14
6932.165444094039 1.1131880949414734e-14
6936.199951715674 1.1428650733910852e-14
6940.234459337307 1.132020070532244e-14
6944.268966958941 1.107657653019452e-14
6948.303474580574 1.1165661579857446e-14
6952.337982202208 1.1169366369124025e-14
6956.3724898238415 1.1347824274373228e-14
6960.406997445475 1.1237841675890672e-14
6964.44150506711 1.1153539560429846e-14
6968.476012688743 1.1136275427810171e-14
6972.510520310377 1.1109218710827999e-14
6976.54502793201 1.1109005521544915e-14
6980.579535553644 1.1311644837118735e-14
6984.614043175277 1.1136118613638343e-14
6988.648550796911 1.098098056169475e-14
6992.683058418545 1.0929844576662631e-14
6996.717566040179 1.0988231534568447e-14
7000.752073661813 1.1072328285499696e-14
7004.786581283446 1.1232550683810938e-14
7008.82108890508 1.1317668806082314e-14
7012.855596526713 1.094883577984742e-14
7016.890104148347 1.0778969514943287e-14
7020.924611769981 1.0877882137812146e-14
7024.959119391615 1.1000648125158136e-14
7028.993627013248 1.0870617992345526e-14
7033.028134634882 1.0662375547979019e-14
7037.062642256516 1.0829794360850459e-14
7041.097149878149 1.08738671698768e-14
7045.131657499784 1.0884370453703347e-14
7049.166165121417 1.0941251185193558e-14
7053.200672743051 1.1052644600508327e-14
7057.235180364684 1.0961811679487627e-14
7061.269687986318 1.0693705569206051e-14
7065.304195607951 1.0521522987931642e-14
7069.338703229585 1.0858283363885014e-14
7073.3732108512195 1.0771491926619635e-14
7077.407718472853 1.0906202460853781e-14
7081.442226094487 1.0941564833665413e-14
7085.47673371612 1.098968175438488e-14
7089.511241337754 1.0989694548918871e-14
7093.545748959387 1.0940717939572005e-14
7097.580256581021 1.0852915135575858e-14
7101.614764202655 1.0937174043668089e-14
7105.649271824289 1.069569742194554e-14
7109.6837794459225 1.0880684556565965e-14
7113.718287067556 1.107830435275358e-14
7117.75279468919 1.1064648230363846e-14
7121.787302310823 1.1034197218452299e-14
7125.821809932457 1.0923691826624659e-14
7129.856317554091 1.0842203813213752e-14
7133.890825175725 1.1286992779531583e-14
7137.925332797358 1.1059690090607361e-14
7141.959840418992 1.1043228423285474e-14
7145.9943480406255 1.1112674997395745e-14
7150.028855662259 1.0830488327379704e-14
7154.063363283893 1.0911821362677065e-14
7158.097870905527 1.1024853405816986e-14
7162.132378527161 1.0838233277498893e-14
7166.166886148794 1.0674310166611526e-14
7170.201393770428 1.057493928856427e-14
7174.235901392061 1.0424248474235741e-14
7178.270409013695 1.0295613323479415e-14
7182.304916635329 1.0217834718747432e-14
7186.339424256963 9.853541973392806e-15
7190.3739318785965 9.898529244145193e-15
7194.40843950023 1.0074761923370225e-14
7198.442947121864 1.0051589938690721e-14
7202.477454743497 1.0005045301110699e-14
7206.511962365131 1.0192345161202989e-14
7210.546469986765 1.0670728014371282e-14
7214.580977608399 1.0801641003239412e-14
7218.615485230032 1.0862131028424677e-14
7222.649992851666 1.1080735231785642e-14
7226.6845004732995 1.0862080259200813e-14
7230.719008094933 1.0616885309476729e-14
7234.753515716567 1.0515195327580921e-14
7238.788023338201 1.0204768294534712e-14
7242.822530959835 1.0415699984597078e-14
7246.857038581468 9.975665923383e-15
7250.891546203102 1.0123205045162187e-14
7254.926053824735 1.0330471251121903e-14
7258.960561446369 1.0412661102070445e-14
7262.9950690680025 1.0360880891121151e-14
7267.029576689637 1.0468071902442629e-14
7271.064084311271 1.0207531927128098e-14
7275.098591932904 9.974204466590386e-15
7279.133099554538 9.919058178616517e-15
7283.167607176171 9.998690508254973e-15
7287.202114797805 1.0039235712223617e-14
7291.236622419439 9.993073841711144e-15
7295.271130041073 1.0037450618394489e-14
7299.305637662706 1.0038193341266629e-14
7303.34014528434 1.0120545640094075e-14
7307.374652905974 1.0023476356658256e-14
7311.409160527607 9.822081064607622e-15
7315.443668149241 9.868249633660931e-15
7319.478175770875 1.004377930905721e-14
7323.512683392509 1.0093124950416364e-14
7327.547191014142 1.043313838109767e-14
7331.581698635776 1.0200178210137916e-14
7335.616206257409 1.0108048419430496e-14
7339.650713879043 1.0021585020762107e-14
7343.685221500677 9.984272672202463e-15
7347.719729122311 1.0023608866049743e-14
7351.754236743945 1.0187942502735206e-14
7355.788744365578 9.895816788766631e-15
7359.823251987212 1.0065789143737565e-14
7363.857759608845 9.727620957582506e-15
7367.892267230479 9.984402779509683e-15
7371.926774852112 1.013814768745371e-14
7375.961282473747 1.0021926592232361e-14
7379.9957900953805 9.886607362494596e-15
7384.030297717014 1.0060583870821661e-14
7388.064805338648 9.85112246762319e-15
7392.099312960281 9.860005679024708e-15
7396.133820581915 9.907267791717519e-15
7400.168328203548 1.0042655356699692e-14
7404.202835825183 1.000380643427212e-14
7408.237343446816 9.780654336558605e-15
7412.27185106845 9.77784136094013e-15
7416.3063586900835 9.683911921041515e-15
7420.340866311717 9.713464970831514e-15
7424.375373933351 9.780442542674557e-15
7428.409881554985 9.628778318355193e-15
7432.444389176619 9.518454452146843e-15
7436.478896798252 9.545702745448184e-15
7440.513404419886 9.269410079057876e-15
7444.547912041519 9.732784837937686e-15
7448.582419663153 9.635907294813718e-15
7452.6169272847865 9.751542139848559e-15
7456.651434906421 9.821161862639174e-15
7460.6859425280545 9.831307052910296e-15
7464.720450149688 9.791572199216186e-15
7468.754957771322 9.510751239879931e-15
7472.789465392955 9.996870259059658e-15
7476.823973014589 9.932843468670597e-15
7480.858480636222 9.710124535844912e-15
7484.892988257857 9.642511567652585e-15
7488.92749587949 9.65722548580657e-15
7492.962003501124 9.6599016428851e-15
7496.9965111227575 9.772181558756502e-15
7501.031018744391 9.926623005358024e-15
7505.065526366025 9.768613728541618e-15
7509.100033987658 9.78100890391534e-15
7513.134541609293 9.831674736155894e-15
7517.169049230926 9.900157466623995e-15
7521.20355685256 9.870515265946899e-15
7525.238064474193 9.568707680183287e-15
7529.272572095827 1.0312668339059258e-14
7533.3070797174605 9.95216109066504e-15
7537.341587339095 9.963809311411393e-15
7541.376094960729 9.962574340170189e-15
7545.410602582362 9.904677629084495e-15
7549.445110203996 9.945867547492131e-15
7553.479617825629 1.0098428704773618e-14
7557.514125447263 9.97984833853111e-15
7561.548633068896 1.0265564205427826e-14
7565.583140690531 1.0389176193949186e-14
7569.617648312164 1.0469408086638297e-14
7573.652155933798 1.0544443861842415e-14
7577.686663555432 1.0644448115079458e-14
7581.721171177065 1.0851194876964563e-14
7585.755678798699 1.077072230178683e-14
7589.790186420332 1.0342737400332522e-14
7593.824694041967 8.605543222785738e-15
7597.8592016636 6.270857691839399e-15
7601.893709285234 4.393912874260054e-15
7605.928216906867 3.493087717644693e-15
7609.962724528501 3.4895755361153596e-15
7613.997232150135 5.084810784130936e-15
7618.031739771768 7.039546203096695e-15
7622.066247393403 7.491513293622644e-15
7626.100755015036 6.806648076505141e-15
7630.13526263667 6.044560496991748e-15
7634.169770258303 5.831403490550839e-15
7638.204277879937 6.109588581641298e-15
7642.23878550157 6.710852079403795e-15
7646.273293123204 7.248776934127972e-15
7650.3078007448385 7.625527938351049e-15
7654.342308366472 8.129218976567348e-15
7658.376815988106 8.455113102265696e-15
7662.411323609739 8.555358012512284e-15
7666.445831231373 8.819838385457063e-15
7670.480338853006 9.036927536876486e-15
7674.514846474641 9.235892937699077e-15
7678.549354096274 9.655935538889432e-15
7682.583861717908 9.636041220207807e-15
7686.6183693395415 9.5820277925835e-15
7690.652876961175 9.557201794813537e-15
7694.687384582809 9.254489091221549e-15
7698.721892204442 8.891401509005821e-15
7702.756399826077 9.022559723513858e-15
7706.79090744771 9.128378154749051e-15
7710.825415069344 9.269210972685495e-15
7714.859922690977 9.22934154344638e-15
7718.894430312611 9.056585154351713e-15
7722.9289379342445 8.8890226657973e-15
7726.963445555878 8.782145459978191e-15
7730.9979531775125 8.919320784901375e-15
7735.032460799146 9.039207904898511e-15
7739.06696842078 9.074265765227055e-15
7743.101476042413 8.981569225858477e-15
7747.135983664047 8.872099656346388e-15
7751.17049128568 8.691146609622381e-15
7755.204998907314 8.720588002602195e-15
7759.239506528948 8.821034410745157e-15
7763.274014150582 8.731762787904772e-15
7767.3085217722155 8.86632989188134e-15
7771.343029393849 9.081831933947281e-15
7775.377537015483 9.126191205279156e-15
7779.412044637116 9.031997776003827e-15
7783.446552258751 9.072272499599423e-15
7787.481059880384 8.713488893482936e-15
7791.515567502018 8.316174628018107e-15
7795.550075123651 8.444996120452467e-15
7799.584582745285 8.568199356245667e-15
7803.6190903669185 8.525127721568099e-15
7807.653597988552 8.508494025162214e-15
7811.6881056101865 8.690711042007664e-15
7815.72261323182 8.903956825647115e-15
7819.757120853454 8.557106486039427e-15
7823.791628475087 8.440951158114437e-15
7827.826136096721 8.517016621782105e-15
7831.860643718354 8.661232462128719e-15
7835.895151339988 8.71974207519617e-15
7839.929658961622 8.327839428612911e-15
7843.964166583256 8.453898730075382e-15
7847.9986742048895 8.638303068545827e-15
7852.033181826523 8.47427083662689e-15
7856.067689448157 8.410581687233263e-15
7860.10219706979 8.54261760049454e-15
7864.136704691424 8.693089292898293e-15
7868.171212313058 8.959957123434754e-15
7872.205719934692 8.360502246682515e-15
7876.240227556325 8.444801473270406e-15
7880.274735177959 8.612394351431988e-15
7884.3092427995925 8.768264518872183e-15
7888.343750421226 8.780752963106987e-15
7892.37825804286 8.65562127679031e-15
7896.412765664494 8.762160904330212e-15
7900.447273286128 8.45509297393902e-15
7904.481780907761 8.380491326116406e-15
7908.516288529395 8.348475849491286e-15
7912.550796151028 8.346497143094398e-15
7916.585303772662 8.36321545373574e-15
7920.619811394296 8.481212019494452e-15
7924.65431901593 8.320048481269484e-15
7928.688826637564 8.415444707119181e-15
7932.723334259197 8.436682309980997e-15
7936.757841880831 8.398741334938778e-15
7940.792349502464 8.45899922213361e-15
7944.826857124098 8.534518302604308e-15
7948.861364745732 8.548612679699289e-15
7952.895872367366 8.628813800317434e-15
7956.930379988999 8.194396940467e-15
7960.964887610633 8.083492011180939e-15
7964.999395232267 8.327694872368245e-15
7969.0339028539 8.550880956169357e-15
7973.068410475534 8.667164856529241e-15
7977.102918097168 8.499170926267734e-15
7981.137425718802 8.11173004162473e-15
7985.171933340435 8.049712216721129e-15
7989.206440962069 8.401471072969037e-15
7993.240948583702 8.494761752521007e-15
7997.275456205336 8.35789930359184e-15
8001.30996382697 8.291285581538576e-15
8005.344471448604 8.314886107810692e-15
8009.378979070238 8.239007658913903e-15
8013.413486691871 8.33467681530467e-15
8017.447994313505 8.413602326683896e-15
8021.482501935138 8.412501920316617e-15
8025.517009556772 8.403993590919428e-15
8029.551517178405 8.252131523298807e-15
8033.58602480004 8.10296860874851e-15
8037.6205324216735 8.15771249362766e-15
8041.655040043307 8.210774032883855e-15
8045.689547664941 8.338101819208332e-15
8049.724055286574 8.374421077900167e-15
8053.758562908208 8.38362203119861e-15
8057.793070529842 8.462059594955477e-15
8061.827578151476 8.431478199899845e-15
8065.862085773109 8.220418212315153e-15
8069.896593394743 8.170584390276185e-15
8073.9311010163765 8.543428908477948e-15
8077.96560863801 8.17153071194154e-15
8082.000116259644 8.03172219539847e-15
8086.034623881278 8.181167124433077e-15
8090.069131502912 8.30982687616682e-15
8094.103639124545 8.309163481013247e-15
8098.138146746179 8.178168867838595e-15
8102.172654367812 8.338799722971247e-15
8106.207161989446 8.147623651149693e-15
8110.2416696110795 8.233106945010556e-15
8114.276177232714 8.25957040298828e-15
8118.3106848543475 8.215016555830452e-15
8122.345192475981 8.253106254878013e-15
8126.379700097615 8.430659585547672e-15
8130.414207719248 8.384560003065323e-15
8134.448715340882 7.876620265279907e-15
8138.483222962515 7.67365193070063e-15
8142.51773058415 7.836910279000307e-15
8146.552238205783 7.968760455434545e-15
8150.586745827417 7.745746554021902e-15
8154.6212534490505 7.851279343508548e-15
8158.655761070684 7.947590537058628e-15
8162.690268692318 7.639134116921359e-15
8166.724776313952 7.550757818789603e-15
8170.759283935586 7.580817496887411e-15
8174.793791557219 7.67310379769633e-15
8178.828299178853 7.742848320552567e-15
8182.862806800486 7.765082871590831e-15
8186.89731442212 8.044084361644181e-15
8190.9318220437535 8.055423097163666e-15
8194.966329665389 8.155029755630852e-15
8199.000837287022 8.099367027610105e-15
8203.035344908654 8.159116194883494e-15
8207.069852530289 8.362745015913852e-15
8211.104360151923 8.383274170454902e-15
8215.138867773556 8.3954105913821e-15
8219.173375395188 8.163651944846976e-15
8223.207883016825 7.689241443772225e-15
8227.242390638457 7.23960576502757e-15
8231.27689826009 7.14478281337064e-15
8235.311405881725 7.627420527907048e-15
8239.345913503359 8.162364172410488e-15
8243.380421124992 8.10805049231715e-15
8247.414928746624 8.066381400862443e-15
8251.44943636826 7.876373884726665e-15
8255.483943989893 7.816768819532497e-15
8259.518451611526 7.808340597428684e-15
8263.55295923316 7.888042652366624e-15
8267.587466854795 7.82212789561121e-15
8271.621974476428 7.752743893886184e-15
8275.65648209806 7.70912198761978e-15
8279.690989719697 7.808837184807137e-15
8283.72549734133 7.743316169171776e-15
8287.760004962962 7.611388957758014e-15
8291.794512584596 7.571411668919749e-15
8295.82902020623 7.797479860714369e-15
8299.863527827863 7.737384212990789e-15
8303.898035449498 7.635969434795529e-15
8307.932543071132 7.70040960178501e-15
8311.967050692765 7.925928074091908e-15
8316.001558314398 7.87189613196039e-15
8320.036065936032 7.540272528922236e-15
8324.070573557667 7.553876080159657e-15
8328.1050811793 7.559729666240102e-15
8332.139588800934 7.607865904728875e-15
8336.174096422568 7.874951272415545e-15
8340.208604044201 7.357171559765793e-15
8344.243111665834 7.190775718980367e-15
8348.277619287468 7.461514138345862e-15
8352.312126909103 7.905880121654861e-15
8356.346634530735 7.810816421747317e-15
8360.38114215237 7.61112423332099e-15
8364.415649774004 7.617863314027756e-15
8368.450157395637 7.36489155983288e-15
8372.48466501727 7.304187606300214e-15
8376.519172638904 7.41760916840781e-15
8380.553680260538 7.530875105661438e-15
8384.588187882171 7.277353728345642e-15
8388.622695503806 7.461578203641714e-15
8392.65720312544 7.380960373950691e-15
8396.691710747073 7.241797759625088e-15
8400.726218368705 7.316869224324079e-15
8404.76072599034 7.419662704236706e-15
8408.795233611974 7.324543685119336e-15
8412.829741233607 7.3956520748505e-15
8416.864248855241 7.66925479441486e-15
8420.898756476876 7.429730294333917e-15
8424.933264098509 7.304785575500252e-15
8428.967771720141 7.296889150886816e-15
8433.002279341776 7.374621305877202e-15
8437.03678696341 7.570244190865664e-15
8441.071294585043 8.014669602168343e-15
8445.105802206677 8.236048977490772e-15
8449.140309828312 7.938875055918686e-15
8453.174817449944 7.535385767508015e-15
8457.209325071577 7.372596885109244e-15
8461.243832693212 7.355707396523183e-15
8465.278340314846 7.52997112378987e-15
8469.312847936479 7.752706959441438e-15
8473.347355558113 7.421755362408904e-15
8477.381863179748 7.376892733302161e-15
8481.41637080138 7.135445168538023e-15
8485.450878423013 6.844283091126626e-15
8489.485386044647 6.952948408764606e-15
8493.519893666282 7.474324351795256e-15
8497.554401287915 7.701038090174768e-15
8501.588908909549 7.505102940318964e-15
8505.623416531183 7.865500617864657e-15
8509.657924152816 7.505056498165358e-15
8513.692431774449 7.166763467885875e-15
8517.726939396083 6.93590914452839e-15
8521.761447017718 6.778980955679578e-15
8525.79595463935 6.787353217966765e-15
8529.830462260985 7.081087558112144e-15
8533.86496988262 7.278068491160117e-15
8537.899477504252 7.586206085806455e-15
8541.933985125885 7.609762551547583e-15
8545.96849274752 7.524114138789518e-15
8550.003000369154 7.321948241342245e-15
8554.037507990786 7.06285237073323e-15
8558.07201561242 6.774727122195108e-15
8562.106523234055 6.730648795225961e-15
8566.141030855688 6.8047417053339665e-15
8570.17553847732 6.804810952087425e-15
8574.210046098955 6.7078284448512416e-15
8578.24455372059 6.746960348257826e-15
8582.279061342222 6.824065815198018e-15
8586.313568963857 6.8452540380366654e-15
8590.348076585491 7.073386872510373e-15
8594.382584207124 7.236411285695718e-15
8598.417091828756 7.136688428406955e-15
8602.45159945039 7.19363610691725e-15
8606.486107072025 7.005397311245688e-15
8610.520614693658 6.71683300596048e-15
8614.555122315292 6.5898675057176145e-15
8618.589629936927 6.8789680372833226e-15
8622.62413755856 6.881864138737928e-15
8626.658645180192 6.7476407023472414e-15
8630.693152801827 6.87046114645651e-15
8634.727660423461 6.8471217388110916e-15
8638.762168045094 6.833043092437374e-15
8642.796675666728 6.827299481788493e-15
8646.831183288363 6.549830636536652e-15
8650.865690909995 6.660126761705056e-15
8654.900198531628 6.897006350542697e-15
8658.934706153263 7.20882718240444e-15
8662.969213774897 7.154373419558039e-15
8667.00372139653 7.211146636475507e-15
8671.038229018164 7.480199032651048e-15
8675.072736639799 7.360885802619016e-15
8679.107244261431 6.888352444525623e-15
8683.141751883064 6.8727570061691264e-15
8687.1762595047 6.920227944229453e-15
8691.210767126333 7.16355393154556e-15
8695.245274747966 7.14427012462491e-15
8699.2797823696 6.875072591962661e-15
8703.314289991235 6.955077382543239e-15
8707.348797612867 7.206796530723378e-15
8711.3833052345 6.8830709320241775e-15
8715.417812856136 6.806323390081319e-15
8719.452320477769 6.839035483884605e-15
8723.486828099401 6.704215352937439e-15
8727.521335721036 6.5572702111095424e-15
8731.55584334267 6.568032203509063e-15
8735.590350964303 6.468859698346161e-15
8739.624858585936 6.905518939850581e-15
8743.659366207572 6.943814389306384e-15
8747.693873829205 6.8633169000238925e-15
8751.728381450837 6.768375477704213e-15
8755.762889072472 6.760736453182351e-15
8759.797396694106 6.798499190877418e-15
8763.831904315739 6.798019507645951e-15
8767.866411937372 6.839428390362595e-15
8771.900919559008 6.470441263084111e-15
8775.93542718064 6.660111526940875e-15
8779.969934802273 6.594387894583848e-15
8784.004442423908 6.8088272710415926e-15
8788.038950045542 7.038017057692201e-15
8792.073457667175 6.8464017819718776e-15
8796.10796528881 6.959178580715913e-15
8800.142472910444 6.834780540490654e-15
8804.176980532076 6.848647975059448e-15
8808.211488153709 6.929026452835141e-15
8812.245995775344 6.783380817969949e-15
8816.280503396978 6.778790845619252e-15
8820.31501101861 6.634558200834869e-15
8824.349518640245 6.786873628019812e-15
8828.38402626188 6.647217653643679e-15
8832.418533883512 6.632624002711779e-15
8836.453041505145 6.58785142649957e-15
8840.48754912678 6.681233995226291e-15
8844.522056748414 6.738455455250293e-15
8848.556564370047 6.493555537732177e-15
8852.591071991681 6.321545248035868e-15
8856.625579613315 6.471395942625893e-15
8860.660087234948 6.6322856412904845e-15
8864.69459485658 6.357918130558559e-15
8868.729102478215 6.2173625183980034e-15
8872.76361009985 6.2367990320809725e-15
8876.798117721482 6.250571754697046e-15
8880.832625343117 6.282591096333598e-15
8884.867132964751 6.366607412935862e-15
8888.901640586384 6.531380066395437e-15
8892.936148208017 6.570105917292369e-15
8896.970655829651 6.46479370952042e-15
8901.005163451286 6.592760466468943e-15
8905.039671072918 6.710310341939628e-15
8909.074178694553 6.889753929981566e-15
8913.108686316187 6.512042393316256e-15
8917.14319393782 6.80025060315585e-15
8921.177701559453 6.955720784112694e-15
8925.212209181087 6.562498365657307e-15
8929.246716802721 6.653215288243413e-15
8933.281224424354 6.7118546615926766e-15
8937.315732045989 6.550465257126185e-15
8941.350239667623 6.397044301243942e-15
8945.384747289256 6.54844153894385e-15
8949.419254910888 6.500737547466761e-15
8953.453762532523 6.5215779403609955e-15
8957.488270154157 6.3563537349319925e-15
8961.52277777579 6.130309616113389e-15
8965.557285397424 5.995161051446124e-15
8969.591793019059 6.168126899294626e-15
8973.626300640692 6.492326519462859e-15
8977.660808262324 6.368461814968904e-15
8981.695315883959 5.84646310657171e-15
8985.729823505593 5.41200606644621e-15
8989.764331127226 5.078318227141545e-15
8993.79883874886 5.362354947957699e-15
8997.833346370495 5.842764734739655e-15
9001.867853992127 5.797204891586343e-15
9005.90236161376 5.907470120324435e-15
9009.936869235395 5.854686476467532e-15
9013.97137685703 5.62413769020903e-15
9018.005884478662 5.596623214293378e-15
9022.040392100296 5.969444543411032e-15
9026.07489972193 6.225106204373295e-15
9030.109407343563 5.992609031904315e-15
9034.143914965196 6.10689894601393e-15
9038.17842258683 6.51189355688575e-15
9042.212930208465 6.64109271724328e-15
9046.247437830098 6.485977209519641e-15
9050.281945451732 6.231047537021279e-15
9054.316453073367 6.044522416066479e-15
9058.350960695 6.116570108893066e-15
9062.385468316632 6.293549340121356e-15
9066.419975938266 6.254200535253644e-15
9070.4544835599 6.0854850335415306e-15
9074.488991181533 5.944676510115627e-15
9078.523498803168 5.901759980814418e-15
9082.558006424802 5.823585366917722e-15
9086.592514046435 5.7010744200308225e-15
9090.627021668068 5.560421785521725e-15
9094.661529289702 5.612085466395654e-15
9098.696036911337 6.101547625352558e-15
9102.73054453297 6.200574234763622e-15
9106.765052154604 6.171469648634523e-15
9110.799559776238 5.9291032546174256e-15
9114.834067397871 5.797630495402872e-15
9118.868575019504 6.016562661275826e-15
9122.903082641138 6.128242596340922e-15
9126.937590262773 5.751613314107038e-15
9130.972097884405 5.950582727781189e-15
9135.00660550604 5.757391297738302e-15
9139.041113127674 5.922576356328896e-15
9143.075620749307 5.990136081611267e-15
9147.11012837094 5.835816488218509e-15
9151.144635992574 5.622628439321124e-15
9155.179143614208 5.5897356119978526e-15
9159.213651235841 5.3934158626582585e-15
9163.248158857476 5.967566982342376e-15
9167.28266647911 6.193367466709901e-15
9171.317174100743 6.145939225396024e-15
9175.351681722375 5.926061237352648e-15
9179.386189344012 5.855823877451473e-15
9183.420696965644 6.161834296962435e-15
9187.455204587277 6.188390435144499e-15
9191.489712208911 5.836935538244603e-15
9195.524219830546 6.20791156732414e-15
9199.558727452179 6.182696526844508e-15
