wavelength flux
3804.05273757997 -8.354169112359611e-16
3808.2287880504555 2.191272712972865e-15
3812.4048385209408 3.8338413089075583e-16
3816.580888991426 2.1559988370789437e-15
3820.7569394619113 -1.3155228839590815e-15
3824.9329899323966 5.014042804973878e-17
3829.109040402882 4.467223198861246e-16
3833.285090873367 2.425348385469016e-15
3837.4611413438524 1.687957907408644e-15
3841.6371918143377 7.968785839856197e-16
3845.813242284823 2.3315479858180217e-15
3849.9892927553083 -3.014848294368672e-16
3854.1653432257935 -9.240307177414368e-16
3858.341393696279 8.020691145222142e-16
3862.517444166764 -3.117997945588825e-16
3866.6934946372494 -4.251662146618989e-16
3870.8695451077347 4.4952632106799e-16
3875.0455955782204 2.442094636484393e-15
3879.2216460487057 7.481424954244747e-16
3883.397696519191 -1.9472682439181528e-16
3887.5737469896762 6.37782587155101e-16
3891.7497974601615 1.2982725141625996e-16
3895.925847930647 -4.406715588058642e-16
3900.101898401132 1.8094935562341957e-15
3904.2779488716174 6.430917548665639e-16
3908.4539993421026 1.3945030793640922e-15
3912.630049812588 -1.8054920985469908e-16
3916.806100283073 6.097745546620319e-16
3920.982150753559 1.2205636160414512e-16
3925.158201224044 1.0210738096089632e-15
3929.3342516945295 1.2725682917765122e-15
3933.5103021650148 2.1926300597625827e-17
3937.6863526355 5.187961090415623e-16
3941.8624031059853 1.2495874384447143e-15
3946.0384535764706 1.3149272578723283e-15
3950.214504046956 1.4472809364894001e-15
3954.390554517441 1.2685033857027348e-15
3958.5666049879264 4.992917485194437e-16
3962.7426554584117 1.3815879320802895e-16
3966.918705928897 2.8996868254602194e-16
3971.0947563993823 1.722478773661037e-15
3975.2708068698676 1.2470552859494699e-15
3979.446857340353 1.9661555564965094e-15
3983.622907810838 7.917142656879988e-16
3987.7989582813234 1.338074742353786e-15
3991.9750087518087 1.7985760216305637e-15
3996.151059222294 3.7296471572299525e-16
4000.3271096927792 8.778662394590975e-16
4004.5031601632645 8.939991948555523e-16
4008.67921063375 5.191059843182067e-16
4012.855261104235 4.640427059872508e-16
4017.0313115747203 8.862995915801007e-16
4021.2073620452056 8.979826193706041e-16
4025.383412515691 9.757599967817456e-16
4029.559462986176 8.162875383887581e-16
4033.7355134566615 1.4197680954773487e-15
4037.9115639271467 1.4367270577195632e-15
4042.087614397632 1.194005437534826e-15
4046.2636648681173 1.5047749477941931e-15
4050.4397153386026 1.316854084072934e-15
4054.6157658090883 1.5605962314893468e-15
4058.7918162795736 1.1153659223102034e-15
4062.967866750059 9.941287122525127e-16
4067.143917220544 1.0041738400083893e-15
4071.3199676910294 8.872180850117925e-16
4075.4960181615147 7.451253653079105e-16
4079.672068632 1.0679061211939514e-15
4083.8481191024853 1.6540589016426872e-15
4088.0241695729705 1.0253744138977443e-15
4092.200220043456 9.919340382209469e-16
4096.376270513942 5.897340671035912e-16
4100.552320984427 6.965150651059222e-16
4104.728371454912 3.8924970473743915e-16
4108.904421925397 1.0463758034267767e-15
4113.080472395883 1.059597290245626e-15
4117.256522866368 1.0018529318316098e-15
4121.432573336853 1.4512263062450256e-15
4125.6086238073385 1.1720547594776837e-15
4129.784674277824 1.1636383712934347e-15
4133.960724748309 1.5491217415491742e-15
4138.136775218794 1.1221001476722677e-15
4142.31282568928 7.980223103177373e-16
4146.488876159765 7.116662512552061e-16
4150.66492663025 1.042538090785055e-15
4154.8409771007355 1.8591980213636556e-15
4159.017027571221 1.5335616109396413e-15
4163.193078041706 9.241409907908655e-16
4167.369128512191 1.4643280253053906e-15
4171.545178982677 1.4045805317667133e-15
4175.721229453162 7.17833860769224e-16
4179.897279923647 1.1386268183774544e-15
4184.073330394132 1.4240204798380176e-15
4188.249380864618 1.2342413408127057e-15
4192.425431335103 9.495676958470855e-16
4196.601481805588 1.3864107885604391e-15
4200.7775322760735 1.7431815536688355e-15
4204.953582746559 1.5131451932904816e-15
4209.129633217044 8.180088619455157e-16
4213.305683687529 1.2994578349089741e-15
4217.481734158015 1.3693270191362049e-15
4221.6577846285 1.3234649062774976e-15
4225.833835098985 1.4766255705004434e-15
4230.0098855694705 1.2758130232230927e-15
4234.185936039956 1.4693711432780802e-15
4238.361986510441 1.2117035650156901e-15
4242.538036980926 9.917574182386742e-16
4246.714087451412 1.3234798703372122e-15
4250.890137921897 1.9301458143468807e-15
4255.066188392382 1.7362392731610279e-15
4259.242238862867 1.4872440875964496e-15
4263.418289333353 1.2707710838910027e-15
4267.594339803838 1.2669009586196579e-15
4271.770390274323 1.0818928896139843e-15
4275.946440744809 1.0863563008979965e-15
4280.122491215294 1.392023827652683e-15
4284.298541685779 1.348878028103549e-15
4288.474592156264 1.1827639200435532e-15
4292.65064262675 1.5294506757085214e-15
4296.826693097235 1.4663487278028698e-15
4301.002743567721 1.613524821575019e-15
4305.178794038206 1.4890966705357554e-15
4309.354844508692 1.6650366315056441e-15
4313.530894979177 1.5340330678261495e-15
4317.706945449662 1.3235112429888968e-15
4321.882995920148 1.4250171344874299e-15
4326.059046390633 1.2163516678966211e-15
4330.235096861118 1.4744210306253932e-15
4334.411147331603 8.848292600224585e-16
4338.587197802089 1.2409153898302493e-15
4342.763248272574 1.1229023531488871e-15
4346.939298743059 1.0339714688359466e-15
4351.1153492135445 1.3136200643596653e-15
4355.29139968403 1.1732970935821973e-15
4359.467450154515 1.622027329040007e-15
4363.643500625 1.4580637340467052e-15
4367.819551095486 1.6550799767075798e-15
4371.995601565971 1.2945314778801312e-15
4376.171652036456 1.4124376473291291e-15
4380.3477025069415 1.0116812168146922e-15
4384.523752977427 1.1978464249439711e-15
4388.699803447913 1.1740496622345298e-15
4392.875853918398 1.7401360344420955e-15
4397.0519043888835 1.7516465867145809e-15
4401.227954859369 1.3860654323010405e-15
4405.404005329854 1.5527159582631378e-15
4409.580055800339 1.345180781135922e-15
4413.756106270825 1.4443594097774118e-15
4417.93215674131 1.6268691190121406e-15
4422.108207211795 1.2081993782345649e-15
4426.28425768228 1.15930556343937e-15
4430.460308152766 1.4260768692562715e-15
4434.636358623251 1.4997533218382963e-15
4438.812409093736 1.4197240229385909e-15
4442.988459564222 1.613452203859139e-15
4447.164510034707 1.539669192947969e-15
4451.340560505192 1.4331117257983655e-15
4455.516610975677 1.4753425870162586e-15
4459.692661446163 1.678788500454492e-15
4463.868711916648 1.5282515481693186e-15
4468.044762387133 1.5633143219059824e-15
4472.2208128576185 1.5032118378710392e-15
4476.396863328104 1.4089984677357825e-15
4480.572913798589 1.3058674286027592e-15
4484.748964269074 1.9152054110680524e-15
4488.92501473956 1.6532881522801983e-15
4493.101065210045 1.7684920738439712e-15
4497.27711568053 1.810591930875382e-15
4501.4531661510155 1.997530946228326e-15
4505.629216621501 1.798845121581947e-15
4509.805267091986 1.867823561357589e-15
4513.981317562471 1.5007479012134343e-15
4518.157368032957 1.6958977871217e-15
4522.333418503442 1.9140459278797797e-15
4526.509468973927 1.6616066224532008e-15
4530.685519444412 1.8798045042723254e-15
4534.861569914898 1.6389745651831073e-15
4539.037620385383 1.6177182293504649e-15
4543.213670855868 1.4997092500540027e-15
4547.3897213263535 1.8527801240233287e-15
4551.565771796839 1.818258715759888e-15
4555.741822267324 1.60750757522536e-15
4559.917872737809 1.6536241292928691e-15
4564.093923208295 1.6205051099233987e-15
4568.26997367878 1.6836466976323743e-15
4572.446024149265 1.997756366875813e-15
4576.6220746197505 1.9334420751021478e-15
4580.798125090236 1.9179733039336932e-15
4584.974175560721 1.7657166418627077e-15
4589.150226031206 1.7689136911787364e-15
4593.326276501692 1.9484630769615787e-15
4597.502326972177 1.7061826146559144e-15
4601.678377442662 1.6007677506565098e-15
4605.854427913147 1.8563612554386148e-15
4610.030478383633 1.951703441933955e-15
4614.206528854118 1.859119045867816e-15
4618.382579324603 1.8198002247460425e-15
4622.558629795089 1.944198363354672e-15
4626.734680265574 1.901636908610085e-15
4630.910730736059 1.990694521300432e-15
4635.086781206544 2.0344441967952676e-15
4639.26283167703 2.0481085164206043e-15
4643.438882147515 1.7860477724768066e-15
4647.614932618 1.7155229761032624e-15
4651.7909830884855 1.7294693250021554e-15
4655.967033558972 1.9668010189088588e-15
4660.143084029457 1.978712026522481e-15
4664.319134499942 2.0506441764367703e-15
4668.4951849704275 1.9656406467213627e-15
4672.671235440913 2.0036985338053976e-15
4676.847285911398 2.05570969440003e-15
4681.023336381883 2.1041974757809808e-15
4685.199386852369 1.98348032073087e-15
4689.375437322854 2.134613564971874e-15
4693.551487793339 1.9016015001843443e-15
4697.7275382638245 1.958891910508313e-15
4701.90358873431 1.6673463474852546e-15
4706.079639204795 2.0250859986531934e-15
4710.25568967528 1.9413739621348165e-15
4714.431740145766 1.823586888263265e-15
4718.607790616251 1.9940951252251455e-15
4722.783841086736 1.85862895436226e-15
4726.959891557221 1.8920310172388755e-15
4731.135942027707 1.9830240243923035e-15
4735.311992498192 1.8116347073183515e-15
4739.488042968677 1.8548576950805127e-15
4743.664093439163 1.8726751592412227e-15
4747.840143909649 2.0620983333272603e-15
4752.016194380134 2.0214068481113534e-15
4756.192244850619 2.0283103546549163e-15
4760.368295321105 2.001920622912649e-15
4764.54434579159 1.89863236791064e-15
4768.720396262075 1.845509512526211e-15
4772.89644673256 1.972802319440838e-15
4777.072497203046 2.0515155319170135e-15
4781.248547673531 2.0618798702568254e-15
4785.424598144016 2.0517442743571684e-15
4789.600648614502 2.044970333345813e-15
4793.776699084987 2.0185227856226024e-15
4797.952749555472 2.106470811716376e-15
4802.128800025957 2.097852982356516e-15
4806.304850496443 2.122070099112485e-15
4810.480900966928 2.2250860801605142e-15
4814.656951437413 2.224434532001135e-15
4818.8330019078985 2.1749419766344005e-15
4823.009052378384 2.2240645644654084e-15
4827.185102848869 2.2257022175739595e-15
4831.361153319354 2.3436889313040066e-15
4835.53720378984 2.31633578427958e-15
4839.713254260325 2.2053926976964457e-15
4843.88930473081 2.1987282787168618e-15
4848.0653552012955 2.238367729889655e-15
4852.241405671781 2.397539063710293e-15
4856.417456142266 1.7772677384525904e-15
4860.593506612751 1.7461217718519456e-15
4864.769557083237 1.8500143326345322e-15
4868.945607553722 2.3793886814472088e-15
4873.121658024207 2.2235085413296325e-15
4877.297708494692 2.2476120932172377e-15
4881.473758965178 2.1856851306023713e-15
4885.649809435663 2.087875968912102e-15
4889.825859906148 2.0153312292570667e-15
4894.0019103766335 2.1931275246372437e-15
4898.177960847119 2.420713573316902e-15
4902.354011317604 2.519457776744318e-15
4906.530061788089 2.502263500646305e-15
4910.706112258575 2.479950045207481e-15
4914.88216272906 2.4145005504996274e-15
4919.058213199545 2.098326098869137e-15
4923.2342636700305 2.17343477637727e-15
4927.410314140516 2.395756621811726e-15
4931.586364611001 2.5671666827130477e-15
4935.762415081486 2.3666387318816565e-15
4939.938465551972 2.562633710469561e-15
4944.114516022457 2.481117817688231e-15
4948.290566492942 2.562802368047119e-15
4952.466616963427 2.683683017717304e-15
4956.642667433913 2.3704195266501614e-15
4960.818717904398 2.5344938318468062e-15
4964.994768374883 2.430296842839096e-15
4969.170818845369 2.6283121586160985e-15
4973.346869315854 2.720873173482376e-15
4977.522919786339 2.476126162288779e-15
4981.698970256824 2.715134117514101e-15
4985.87502072731 2.684884710252543e-15
4990.051071197795 2.4769316637609412e-15
4994.22712166828 2.368573317429345e-15
4998.4031721387655 2.4922632823766803e-15
5002.579222609251 2.6141152709085414e-15
5006.755273079736 2.6480722763729564e-15
5010.931323550222 2.652563324937462e-15
5015.1073740207075 2.433267685300991e-15
5019.283424491193 2.5953458236470265e-15
5023.459474961678 2.784121486633566e-15
5027.635525432163 2.739371618627133e-15
5031.811575902649 2.4769084519619268e-15
5035.987626373134 2.525752242213545e-15
5040.163676843619 2.8050358513163776e-15
5044.3397273141045 2.7321533474092986e-15
5048.51577778459 2.934276110817634e-15
5052.691828255075 2.9467575438916455e-15
5056.86787872556 2.67038344387213e-15
5061.043929196046 2.7109780620137273e-15
5065.219979666531 2.567616076268592e-15
5069.396030137016 2.623142112335054e-15
5073.572080607501 2.8580686063914092e-15
5077.748131077987 2.837126645225293e-15
5081.924181548472 2.7976235760501912e-15
5086.100232018957 2.821923607844674e-15
5090.276282489443 2.8427936543926334e-15
5094.452332959928 2.9585373139194442e-15
5098.628383430413 2.9421060564022728e-15
5102.804433900899 3.057592093659164e-15
5106.980484371385 3.0773653858019996e-15
5111.15653484187 2.9851697661881073e-15
5115.332585312355 2.832812313039311e-15
5119.50863578284 3.0368797724618777e-15
5123.684686253326 2.973948237863237e-15
5127.860736723811 3.029188492541239e-15
5132.036787194296 2.9335454541297876e-15
5136.212837664782 2.970262660890924e-15
5140.388888135267 3.144597104562584e-15
5144.564938605752 3.1316115893753154e-15
5148.740989076237 3.0178482769000983e-15
5152.917039546723 2.9365991447580483e-15
5157.093090017208 2.938425622134221e-15
5161.269140487693 2.955265482161807e-15
5165.4451909581785 3.058505320023826e-15
5169.621241428664 3.137910942987738e-15
5173.797291899149 3.156604253877102e-15
5177.973342369634 3.2118776759717805e-15
5182.14939284012 3.1050906850248294e-15
5186.325443310605 3.1645341826987805e-15
5190.50149378109 3.30206979756614e-15
5194.6775442515755 3.394005206043255e-15
5198.853594722061 3.2946223351713917e-15
5203.029645192546 3.0504865709476237e-15
5207.205695663031 3.266958681615903e-15
5211.381746133517 5.75993302845958e-15
5215.557796604002 4.271613863878261e-15
5219.733847074487 3.3817167567858145e-15
5223.909897544972 3.300807685622661e-15
5228.085948015458 3.477800821048508e-15
5232.261998485943 3.5591589123234985e-15
5236.438048956428 3.41823519178205e-15
5240.6140994269135 3.3414461159517463e-15
5244.790149897399 3.429645469873834e-15
5248.966200367884 3.4341151500715993e-15
5253.142250838369 3.437748160492349e-15
5257.318301308855 3.374203286789076e-15
5261.49435177934 3.4269290551265136e-15
5265.670402249825 3.3374033247606446e-15
5269.8464527203105 3.6884701337267175e-15
5274.022503190796 3.3262196561196937e-15
5278.198553661281 3.580681686663897e-15
5282.374604131766 3.5988031693496e-15
5286.550654602252 3.627069146700474e-15
5290.726705072737 3.545965351259047e-15
5294.902755543222 3.584995455958956e-15
5299.078806013707 3.693660415013935e-15
5303.254856484193 3.6268513533961826e-15
5307.430906954678 3.4735124832430907e-15
5311.606957425163 3.606263260584142e-15
5315.783007895649 3.787562858618698e-15
5319.959058366134 3.647111958746204e-15
5324.135108836619 3.7362630424353705e-15
5328.311159307104 3.6502075255890585e-15
5332.48720977759 3.556776560907529e-15
5336.663260248075 3.640353750825144e-15
5340.83931071856 3.561919212763024e-15
5345.0153611890455 3.7035075103605715e-15
5349.191411659531 3.817462948904251e-15
5353.367462130016 3.7196785936513366e-15
5357.543512600501 3.580273012073219e-15
5361.719563070987 3.531673468407258e-15
5365.895613541472 3.616274950696958e-15
5370.071664011958 3.8008452656195164e-15
5374.247714482443 3.9241222069054895e-15
5378.423764952929 3.900184942488451e-15
5382.599815423414 3.866775627780529e-15
5386.775865893899 3.8895060994850934e-15
5390.9519163643845 3.65414495339781e-15
5395.12796683487 3.781644533205238e-15
5399.304017305355 3.882876209495115e-15
5403.48006777584 3.897077330752134e-15
5407.656118246326 3.838660094193178e-15
5411.832168716811 3.946017648096695e-15
5416.008219187296 3.894381036096543e-15
5420.184269657781 3.8824201271787365e-15
5424.360320128267 3.818283483717591e-15
5428.536370598752 3.688746644815176e-15
5432.712421069237 3.717563253659403e-15
5436.888471539723 4.0019647629460594e-15
5441.064522010208 4.092446208403152e-15
5445.240572480693 3.9671843745868735e-15
5449.416622951178 3.892822282246067e-15
5453.592673421664 3.962245902154665e-15
5457.76872389215 4.087339531129139e-15
5461.944774362635 4.1549050179736644e-15
5466.12082483312 3.966374943009486e-15
5470.296875303606 3.9817758015481085e-15
5474.472925774091 4.0930825696516045e-15
5478.648976244576 4.134681296493788e-15
5482.8250267150615 4.073878113849988e-15
5487.001077185547 3.929225790909929e-15
5491.177127656032 3.955065026200076e-15
5495.353178126517 4.191912657173597e-15
5499.529228597003 4.295612157968665e-15
5503.705279067488 4.233557434006e-15
5507.881329537973 3.9670269134582004e-15
5512.0573800084585 4.259655168963048e-15
5516.233430478944 4.510350374213461e-15
5520.409480949429 4.208882607370333e-15
5524.585531419914 4.197460209010469e-15
5528.7615818904 4.003058542960799e-15
5532.937632360885 4.0444030044963765e-15
5537.11368283137 4.124047552039839e-15
5541.289733301855 4.23212421431395e-15
5545.465783772341 4.32435780102677e-15
5549.641834242826 4.307637227150013e-15
5553.817884713311 4.503923897707782e-15
5557.993935183797 4.3801427388054095e-15
5562.169985654282 4.2761174970424865e-15
5566.346036124767 4.627472744220045e-15
5570.522086595252 4.14531420880561e-15
5574.698137065738 4.8433936896442e-15
5578.874187536223 4.496618834057195e-15
5583.050238006708 4.0393505446717025e-15
5587.2262884771935 4.272415384911326e-15
5591.402338947679 4.397188820547327e-15
5595.578389418164 4.516068182606719e-15
5599.754439888649 4.4393766566457585e-15
5603.930490359135 4.520241932618667e-15
5608.10654082962 4.822715550638738e-15
5612.282591300105 4.42401568368938e-15
5616.4586417705905 4.541608270617332e-15
5620.634692241076 4.535782565014205e-15
5624.810742711561 4.588121706569749e-15
5628.986793182046 4.780290492503034e-15
5633.162843652532 4.776113178225826e-15
5637.338894123017 4.4787853348736225e-15
5641.514944593502 4.656818558061294e-15
5645.690995063987 4.7018452114962646e-15
5649.867045534473 4.494868860820017e-15
5654.043096004958 4.51435863669477e-15
5658.219146475443 4.665820081005365e-15
5662.395196945929 4.872891782703585e-15
5666.571247416414 4.5019651103886435e-15
5670.747297886899 4.701989535076204e-15
5674.923348357384 4.707905254310169e-15
5679.09939882787 4.752877947936373e-15
5683.275449298355 4.57542445624908e-15
5687.45149976884 4.6593130282831324e-15
5691.6275502393255 4.675118711585291e-15
5695.803600709811 4.653197274018017e-15
5699.979651180296 4.6495799843099645e-15
5704.155701650781 4.651382755653968e-15
5708.331752121267 4.594930964219346e-15
5712.507802591752 4.665099716179628e-15
5716.683853062237 4.679487934897613e-15
5720.8599035327225 4.4688555049392015e-15
5725.035954003209 4.815040071454026e-15
5729.212004473694 4.773450987322735e-15
5733.388054944179 4.715552136284798e-15
5737.5641054146645 4.8027323229754234e-15
5741.74015588515 4.835214628495771e-15
5745.916206355635 4.79760950832342e-15
5750.09225682612 4.7642921472923615e-15
5754.268307296606 4.879028035188068e-15
5758.444357767091 4.980459670474018e-15
5762.620408237576 4.878699453891525e-15
5766.796458708061 4.8493068015439464e-15
5770.972509178547 4.64722036657848e-15
5775.148559649032 4.581606037077251e-15
5779.324610119517 4.305499193641699e-15
5783.500660590003 4.68001274113318e-15
5787.676711060488 4.871830337962518e-15
5791.852761530973 4.8596641414057215e-15
5796.028812001458 4.681688339614017e-15
5800.204862471944 4.764556128698693e-15
5804.380912942429 5.0087633850582565e-15
5808.556963412914 4.9750581689348764e-15
5812.7330138833995 4.957570014312985e-15
5816.909064353886 4.962336226635895e-15
5821.085114824371 5.0892601468404245e-15
5825.261165294856 5.1680628504590556e-15
5829.4372157653415 5.2219670575826435e-15
5833.613266235827 5.201824889654301e-15
5837.789316706312 5.155678429871313e-15
5841.965367176797 5.049040607175809e-15
5846.141417647283 5.038992676284013e-15
5850.317468117768 5.01632003982968e-15
5854.493518588253 5.013331842158293e-15
5858.6695690587385 5.058995246067663e-15
5862.845619529224 5.178990217499055e-15
5867.021669999709 5.300547997371479e-15
5871.197720470194 4.957347096648816e-15
5875.37377094068 4.6735372608285275e-15
5879.549821411165 5.111152524799162e-15
5883.72587188165 4.903398848660104e-15
5887.901922352135 4.644972578976096e-15
5892.077972822621 4.48981399241655e-15
5896.254023293106 4.634846810565473e-15
5900.430073763591 4.946972558640995e-15
5904.606124234077 5.1934752387837155e-15
5908.782174704562 5.2427896828012035e-15
5912.958225175047 5.296449663025413e-15
5917.134275645532 5.017383675611688e-15
5921.310326116018 5.127535111388771e-15
5925.486376586503 4.963520964526489e-15
5929.662427056988 5.376750892136919e-15
5933.8384775274735 5.283084614110048e-15
5938.014527997959 5.2402370095004435e-15
5942.190578468444 5.436803552696329e-15
5946.366628938929 5.579103160513523e-15
5950.542679409415 5.378555975946523e-15
5954.7187298799 5.1498603919084095e-15
5958.894780350385 5.404377883477984e-15
5963.0708308208705 5.108522299114879e-15
5967.246881291356 5.3371782300066335e-15
5971.422931761841 5.315765949426664e-15
5975.598982232326 5.367995489561123e-15
5979.775032702812 5.3849643834002735e-15
5983.951083173297 5.4252568428628124e-15
5988.127133643782 5.39090026034458e-15
5992.303184114267 5.414231220319126e-15
5996.479234584753 5.489231695955912e-15
6000.655285055238 5.471866252924446e-15
6004.831335525723 5.333865528225832e-15
6009.0073859962085 5.270678628240155e-15
6013.183436466694 5.285667408406191e-15
6017.359486937179 5.4587259172909414e-15
6021.535537407664 5.638997502550446e-15
6025.71158787815 5.339433360445111e-15
6029.887638348635 5.359991132977334e-15
6034.06368881912 5.409212112559159e-15
6038.2397392896055 5.308643517136877e-15
6042.415789760091 5.338765237518516e-15
6046.591840230576 5.512846924575645e-15
6050.767890701061 5.506575600152709e-15
6054.943941171547 5.599298741440947e-15
6059.119991642032 5.550097246853278e-15
6063.296042112517 5.433123315415197e-15
6067.472092583002 5.569014970422774e-15
6071.648143053488 5.490166227942128e-15
6075.824193523973 5.390527905556133e-15
6080.000243994459 5.5822608434278025e-15
6084.1762944649445 5.715998739033933e-15
6088.35234493543 5.572462300241257e-15
6092.528395405915 5.448465108380674e-15
6096.7044458764 5.607892155499289e-15
6100.880496346886 5.74495895955095e-15
6105.056546817371 5.500066277714121e-15
6109.232597287856 5.586126867619698e-15
6113.408647758341 5.469094444332515e-15
6117.584698228827 5.427669751676669e-15
6121.760748699312 5.620393687252583e-15
6125.936799169797 5.6320376187002605e-15
6130.112849640283 5.6753558624305845e-15
6134.288900110768 5.8041145582405494e-15
6138.464950581253 5.625258971629634e-15
6142.641001051738 5.745150033138355e-15
6146.817051522224 5.6255250591468436e-15
6150.993101992709 5.761092518869706e-15
6155.169152463194 5.807211338938181e-15
6159.3452029336795 5.7896062302634075e-15
6163.521253404165 5.785566643974043e-15
6167.69730387465 5.686765283266083e-15
6171.873354345136 5.539987151423009e-15
6176.0494048156215 5.4675829196506355e-15
6180.225455286107 5.611268469427917e-15
6184.401505756592 5.902902829531671e-15
6188.577556227077 5.627669770109596e-15
6192.753606697563 5.624846696985397e-15
6196.929657168048 5.581143646467789e-15
6201.105707638533 5.700303726267271e-15
6205.2817581090185 5.46489980643131e-15
6209.457808579504 5.530881114384838e-15
6213.633859049989 5.74107894690085e-15
6217.809909520474 5.639268414883052e-15
6221.98595999096 5.459898868275124e-15
6226.162010461445 5.6048846315360175e-15
6230.33806093193 5.835176404306265e-15
6234.514111402415 5.915392581648775e-15
6238.690161872901 6.066453218683557e-15
6242.866212343386 5.5738946441419815e-15
6247.042262813871 5.6628000950734655e-15
6251.218313284357 5.854063938748111e-15
6255.394363754842 5.912767490228467e-15
6259.570414225327 5.877791860142011e-15
6263.746464695812 5.8382995568892425e-15
6267.922515166298 5.7594759250383964e-15
6272.098565636783 5.691195326602242e-15
6276.274616107268 5.39691365028385e-15
6280.4506665777535 5.012678398977834e-15
6284.626717048239 4.8910308788651936e-15
6288.802767518724 5.2811787979445154e-15
6292.978817989209 5.691724409098995e-15
6297.154868459695 5.81050269528959e-15
6301.33091893018 5.7345795802379554e-15
6305.506969400665 5.7450008817092524e-15
6309.6830198711505 5.800341981517112e-15
6313.859070341636 5.867469937658269e-15
6318.035120812121 5.754662557677878e-15
6322.211171282606 5.976873475240812e-15
6326.387221753092 5.914138900080266e-15
6330.563272223577 6.08361619465497e-15
6334.739322694062 6.089553093637742e-15
6338.915373164547 5.763950974673808e-15
6343.091423635033 5.810163111880939e-15
6347.267474105518 6.0722181614919815e-15
6351.443524576003 6.0637312201366995e-15
6355.6195750464885 6.052492576171613e-15
6359.795625516974 5.915505735728588e-15
6363.971675987459 5.812178622601382e-15
6368.147726457944 5.805736827227656e-15
6372.32377692843 5.8217925854696e-15
6376.499827398915 5.981625670491753e-15
6380.6758778694 5.966416082337579e-15
6384.8519283398855 5.883855783629706e-15
6389.027978810371 6.0133653775470214e-15
6393.204029280857 6.271803532709156e-15
6397.380079751342 6.250753799781262e-15
6401.5561302218275 6.175365109160471e-15
6405.732180692313 6.135853443396468e-15
6409.908231162798 6.464878742843231e-15
6414.084281633283 6.58789590009086e-15
6418.260332103769 6.40446411955041e-15
6422.436382574254 6.354607372978966e-15
6426.612433044739 6.3097427559717356e-15
6430.7884835152245 6.242843848522639e-15
6434.96453398571 6.2895596291476315e-15
6439.140584456195 6.264125864842596e-15
6443.31663492668 6.070343542151638e-15
6447.492685397166 6.169652171074226e-15
6451.668735867651 6.060107008519587e-15
6455.844786338136 6.1971303433595335e-15
6460.020836808621 6.144685143509419e-15
6464.196887279107 6.258147870789838e-15
6468.372937749592 6.287497560872322e-15
6472.548988220077 6.106229019877048e-15
6476.7250386905625 5.981959302328373e-15
6480.901089161048 6.115508401146311e-15
6485.077139631533 6.274788996433397e-15
6489.253190102018 6.1522033977340604e-15
6493.429240572504 6.318401660690118e-15
6497.605291042989 6.4523648804520004e-15
6501.781341513474 6.410766803102783e-15
6505.9573919839595 6.410608737504904e-15
6510.133442454445 6.2314260428241594e-15
6514.30949292493 6.077013365742485e-15
6518.485543395415 6.178202410471417e-15
6522.661593865901 6.118645556845268e-15
6526.837644336386 6.174877163221447e-15
6531.013694806871 6.1401291483310685e-15
6535.189745277356 6.140992749270565e-15
6539.365795747842 6.332000572037131e-15
6543.541846218327 6.323974632556936e-15
6547.717896688812 6.2746351808538976e-15
6551.893947159298 6.023489137577636e-15
6556.069997629783 5.564387118347259e-15
6560.246048100268 5.231973044837471e-15
6564.422098570753 5.249620397466679e-15
6568.598149041239 5.8388236234825785e-15
6572.774199511725 6.137537220985435e-15
6576.95024998221 6.183824814051608e-15
6581.126300452695 6.320480910633902e-15
6585.302350923181 6.365609471739396e-15
6589.478401393666 6.428681616293103e-15
6593.654451864151 6.490351415437403e-15
6597.830502334637 6.484035196996605e-15
6602.006552805122 6.473627309459916e-15
6606.182603275607 6.735468430429036e-15
6610.358653746092 6.596501345407615e-15
6614.534704216578 6.344531027478136e-15
6618.710754687063 6.741113865743783e-15
6622.886805157548 6.7170069862745795e-15
6627.0628556280335 6.734372104611694e-15
6631.238906098519 6.734712788205036e-15
6635.414956569004 6.6804032399708505e-15
6639.591007039489 6.690159549394545e-15
6643.767057509975 6.914478171987474e-15
6647.94310798046 6.613170158020697e-15
6652.119158450945 6.668343769127252e-15
6656.2952089214305 6.54842916603584e-15
6660.471259391916 6.640716394740239e-15
6664.647309862401 6.769026048703639e-15
6668.823360332886 6.722739581286866e-15
6672.999410803372 6.669958917569121e-15
6677.175461273857 6.7336926180515864e-15
6681.351511744342 6.798913031729939e-15
6685.527562214827 6.8116183552995466e-15
6689.703612685313 6.937038606317716e-15
6693.879663155798 6.9399560498258384e-15
6698.055713626283 6.9736836983099044e-15
6702.2317640967685 7.124410570464619e-15
6706.407814567254 7.222961992319309e-15
6710.583865037739 7.089735590505792e-15
6714.759915508224 6.8844576877259336e-15
6718.93596597871 6.974485537089643e-15
6723.112016449195 7.045401839676405e-15
6727.28806691968 6.9633915586262345e-15
6731.4641173901655 7.174671825108905e-15
6735.640167860651 6.944800519282435e-15
6739.816218331136 6.994591097421321e-15
6743.992268801621 7.000909104308544e-15
6748.1683192721075 7.120154111495773e-15
6752.344369742593 7.320286609649971e-15
6756.520420213078 7.31601035054445e-15
6760.696470683563 7.08076929675555e-15
6764.872521154049 7.274000184741047e-15
6769.048571624534 6.953075926975432e-15
6773.224622095019 7.0996775101606735e-15
6777.4006725655045 6.988774348934475e-15
6781.57672303599 7.201313239760152e-15
6785.752773506475 7.187609248598276e-15
6789.92882397696 7.064186527083376e-15
6794.104874447446 7.157095850272872e-15
6798.280924917931 7.258469023738724e-15
6802.456975388416 7.310252646888893e-15
6806.633025858901 7.760089951623013e-15
6810.809076329387 7.542170805843324e-15
6814.985126799872 7.694177296213703e-15
6819.161177270357 7.618000763055546e-15
6823.3372277408425 7.459625752497527e-15
6827.513278211328 7.469617613508296e-15
6831.689328681813 7.527770348147677e-15
6835.865379152298 7.529209668715303e-15
6840.041429622784 7.67953033581743e-15
6844.217480093269 7.68509756408369e-15
6848.393530563754 7.693666738465931e-15
6852.5695810342395 7.549175180652013e-15
6856.745631504725 7.6518420862292e-15
6860.92168197521 7.701523254892242e-15
6865.097732445695 6.89486168646485e-15
6869.273782916181 5.885299552010819e-15
6873.449833386666 5.633482278340683e-15
6877.625883857151 6.166377481837491e-15
6881.801934327636 6.598903900669782e-15
6885.977984798122 6.861881714439241e-15
6890.154035268607 6.857763293449685e-15
6894.330085739092 6.8336021436238535e-15
6898.506136209578 6.9224862633956416e-15
6902.682186680063 7.141671412031101e-15
6906.858237150548 7.200227818444045e-15
6911.034287621033 7.28848090700114e-15
6915.210338091519 7.445318824157554e-15
6919.386388562004 7.292759897510904e-15
6923.562439032489 7.810529759737424e-15
6927.738489502975 7.300103830646735e-15
6931.914539973461 7.627162872461734e-15
6936.090590443946 7.709079046798083e-15
6940.266640914431 7.505477151406472e-15
6944.4426913849165 7.47836976002162e-15
6948.618741855402 7.531456574824135e-15
6952.794792325887 7.471965390249166e-15
6956.970842796372 7.505183272193554e-15
6961.146893266858 7.761516748540441e-15
6965.322943737343 7.911677984408829e-15
6969.498994207828 8.067452669248129e-15
6973.6750446783135 7.697757203984369e-15
6977.851095148799 7.919384747495571e-15
6982.027145619284 7.996570436763433e-15
6986.203196089769 7.752990104392832e-15
6990.379246560255 7.583425741248736e-15
6994.55529703074 7.559216609802405e-15
6998.731347501225 7.648417007061476e-15
7002.90739797171 7.869918763614574e-15
7007.083448442196 7.840551933377091e-15
7011.259498912681 7.377938154050873e-15
7015.435549383166 7.8268979203665e-15
7019.611599853652 7.814861531673825e-15
7023.787650324137 7.600521440753103e-15
7027.963700794622 7.625629584118683e-15
7032.139751265107 7.854197312309942e-15
7036.315801735593 7.846966351959237e-15
7040.491852206078 7.762881079081851e-15
7044.667902676563 8.002631414884154e-15
7048.8439531470485 7.785482567178358e-15
7053.020003617534 7.772335822249319e-15
7057.196054088019 7.738321057002808e-15
7061.372104558504 7.595112116507519e-15
7065.54815502899 7.692373192567192e-15
7069.724205499475 7.962441182799337e-15
7073.90025596996 7.78608276331158e-15
7078.0763064404455 7.920797451742885e-15
7082.252356910931 7.739129250333126e-15
7086.428407381416 7.87044442703637e-15
7090.604457851901 7.895234818922733e-15
7094.780508322387 7.823599091790934e-15
7098.956558792872 7.84088094485657e-15
7103.132609263357 7.938615993095006e-15
7107.308659733843 7.993477674584231e-15
7111.484710204329 7.954202270864507e-15
7115.660760674814 7.817271787990868e-15
7119.836811145299 7.95867289425696e-15
7124.0128616157845 7.834920752359736e-15
7128.18891208627 7.857374889825996e-15
7132.364962556755 8.051948608016261e-15
7136.54101302724 8.180288018238376e-15
7140.717063497726 8.208181965078167e-15
7144.893113968211 8.154901697855636e-15
7149.069164438696 7.98697150691113e-15
7153.245214909181 8.103375389098917e-15
7157.421265379667 7.804359343340357e-15
7161.597315850152 8.278944215570404e-15
7165.773366320637 7.939915127480402e-15
7169.9494167911225 7.83732186368808e-15
7174.125467261608 7.871708396823783e-15
7178.301517732093 7.806171974935167e-15
7182.477568202578 7.560767878675856e-15
7186.653618673064 7.348299270690039e-15
7190.829669143549 7.325875151541936e-15
7195.005719614034 7.730441791838019e-15
7199.1817700845195 7.650072749436367e-15
7203.357820555005 7.786405846940057e-15
7207.53387102549 8.023323494880422e-15
7211.709921495975 8.10820645399488e-15
7215.885971966461 8.219029484060456e-15
7220.062022436946 8.316449606964447e-15
7224.238072907431 8.163678128925124e-15
7228.414123377916 8.028825300947245e-15
7232.590173848402 7.59922065138914e-15
7236.766224318887 7.802959369051336e-15
7240.942274789372 8.077851592793983e-15
7245.118325259858 7.957583014944755e-15
7249.294375730343 7.992529786481739e-15
7253.470426200828 7.90707048570277e-15
7257.646476671313 7.803325884164986e-15
7261.822527141799 8.08902199247953e-15
7265.998577612284 8.01963529555682e-15
7270.174628082769 7.847303185655327e-15
7274.3506785532545 7.569079622538649e-15
7278.52672902374 7.805616309801353e-15
7282.702779494225 7.923376777835953e-15
7286.878829964711 7.891932651738994e-15
7291.0548804351965 8.022321310312727e-15
7295.230930905682 8.17770767974405e-15
7299.406981376167 8.057082534039877e-15
7303.583031846652 7.924061200929103e-15
7307.759082317138 7.932798177400538e-15
7311.935132787623 7.803919891827559e-15
7316.111183258108 7.8248670828176e-15
7320.2872337285935 7.68079006271024e-15
7324.463284199079 7.749174564955467e-15
7328.639334669564 7.737388393501793e-15
7332.815385140049 7.643034863099052e-15
7336.991435610535 7.789253571377332e-15
7341.16748608102 7.807291952534104e-15
7345.343536551505 7.740981149451362e-15
7349.51958702199 7.772259159170271e-15
7353.695637492476 7.69860020812143e-15
7357.871687962961 7.74413525145738e-15
7362.047738433446 7.793373763138138e-15
7366.223788903932 7.85472009168312e-15
7370.399839374417 7.922914075718295e-15
7374.575889844902 7.886806681938216e-15
7378.751940315387 7.597433881332549e-15
7382.927990785873 7.735980404559867e-15
7387.104041256358 7.691343861940996e-15
7391.280091726843 7.715219467293843e-15
7395.4561421973285 7.798626640632706e-15
7399.632192667814 7.840159216246391e-15
7403.808243138299 7.697195556006922e-15
7407.984293608784 7.471875266904188e-15
7412.16034407927 7.51777756421586e-15
7416.336394549755 7.77064423828281e-15
7420.51244502024 7.533792531571186e-15
7424.6884954907255 7.455751243702396e-15
7428.864545961211 7.53136927107541e-15
7433.040596431696 7.493243463591947e-15
7437.216646902181 7.519068113893192e-15
7441.392697372667 7.437208182294765e-15
7445.568747843152 7.38458402837914e-15
7449.744798313637 7.608076600556102e-15
7453.920848784122 7.536254435576236e-15
7458.096899254608 7.336644898173669e-15
7462.272949725094 7.63017055641189e-15
7466.449000195579 7.669284257201091e-15
7470.625050666064 7.600311762919878e-15
7474.80110113655 7.555527825123436e-15
7478.977151607035 7.550531147437621e-15
7483.15320207752 7.567796595235077e-15
7487.329252548006 7.585989510816386e-15
7491.505303018491 7.557792789352578e-15
7495.681353488976 7.679805414060632e-15
7499.857403959461 7.51584824322438e-15
7504.033454429947 7.593749304847247e-15
7508.209504900432 7.684082440339622e-15
7512.385555370917 7.615939622790273e-15
7516.5616058414025 7.604803095820044e-15
7520.737656311888 7.747787992665358e-15
7524.913706782373 7.750824451807741e-15
7529.089757252858 7.903323791275005e-15
7533.265807723344 7.716118459076557e-15
7537.441858193829 7.885573652644085e-15
7541.617908664314 7.845298651684273e-15
7545.7939591347995 8.047045343119296e-15
7549.970009605285 7.984641809870638e-15
7554.14606007577 7.936747863709515e-15
7558.322110546255 7.97282865089877e-15
7562.498161016741 7.876635800720238e-15
7566.674211487226 7.857984466191789e-15
7570.850261957711 8.350603351137033e-15
7575.026312428196 8.343814653753254e-15
7579.202362898682 8.441457872600706e-15
7583.378413369167 8.471530160704165e-15
7587.554463839652 8.128630851547402e-15
7591.730514310138 6.852177468554347e-15
7595.906564780623 4.626706647245198e-15
7600.082615251108 2.5157823453027782e-15
7604.258665721593 1.5675377215258223e-15
7608.434716192079 1.6430377349381466e-15
7612.610766662564 3.1650391333558612e-15
7616.786817133049 5.023883144158406e-15
7620.9628676035345 5.014209040308301e-15
7625.13891807402 4.0427948596129015e-15
7629.314968544505 3.5163109040372907e-15
7633.49101901499 3.824673264668407e-15
7637.667069485476 4.124271820479194e-15
7641.843119955962 4.4333901481506915e-15
7646.019170426447 4.953635936057221e-15
7650.195220896932 5.520151251047582e-15
7654.371271367418 6.114912836520431e-15
7658.547321837903 6.387362042063811e-15
7662.723372308388 6.417582606778481e-15
7666.8994227788735 6.6315628311768845e-15
7671.075473249359 7.033639213906953e-15
7675.251523719844 7.155546148713773e-15
7679.427574190329 7.294347316040497e-15
7683.603624660815 7.377473708400365e-15
7687.7796751313 7.304366593952517e-15
7691.955725601785 7.252896926465534e-15
7696.13177607227 7.17690314554399e-15
7700.307826542756 7.126077306424721e-15
7704.483877013241 7.082749697886925e-15
7708.659927483726 7.059856195453914e-15
7712.835977954212 7.063189028399998e-15
7717.012028424697 7.021333929932232e-15
7721.188078895182 7.314311002141261e-15
7725.364129365667 7.140019284056196e-15
7729.540179836153 7.082040958147416e-15
7733.716230306638 7.122832767714874e-15
7737.892280777123 7.0307168882088335e-15
7742.0683312476085 7.010522569287487e-15
7746.244381718094 7.13293876447381e-15
7750.420432188579 7.2327187333751e-15
7754.596482659064 7.12006820630654e-15
7758.77253312955 6.9386577677164396e-15
7762.948583600035 7.0575245455864616e-15
7767.12463407052 6.838255732736051e-15
7771.3006845410055 6.735361397857576e-15
7775.476735011491 6.681315528445735e-15
7779.652785481976 6.863404521354986e-15
7783.828835952461 7.145131674431394e-15
7788.004886422947 7.184891806359037e-15
7792.180936893432 7.171728107569157e-15
7796.356987363917 7.069457929851387e-15
7800.533037834402 7.253949288797716e-15
7804.709088304888 7.139667233814769e-15
7808.885138775373 7.11769084792766e-15
7813.061189245858 7.10930100094844e-15
7817.237239716344 7.131684455303943e-15
7821.41329018683 7.267382149981671e-15
7825.589340657315 7.192046379284826e-15
7829.7653911278 7.04286529743671e-15
7833.941441598286 6.9244624546675686e-15
7838.117492068771 7.125448150886086e-15
7842.293542539256 7.0600538143388866e-15
7846.469593009741 7.11269979079274e-15
7850.645643480227 7.14079884936674e-15
7854.821693950712 7.162656161378458e-15
7858.997744421197 7.056669203292741e-15
7863.1737948916825 6.860032466334477e-15
7867.349845362168 7.0035122273181984e-15
7871.525895832653 7.349022909657949e-15
7875.701946303138 7.013241412423912e-15
7879.877996773624 7.061536101334326e-15
7884.054047244109 7.187372846435374e-15
7888.230097714594 7.155586835890296e-15
7892.4061481850795 6.973616840748551e-15
7896.582198655565 6.922418656721202e-15
7900.75824912605 7.215061617654807e-15
7904.934299596535 7.034238231655457e-15
7909.110350067021 7.0826854411879945e-15
7913.286400537506 7.072984635901567e-15
7917.462451007991 6.902636047768864e-15
7921.638501478476 6.908493509433345e-15
7925.814551948962 6.9438874548888406e-15
7929.990602419447 6.989029660218613e-15
7934.166652889932 7.077128816823377e-15
7938.3427033604175 7.289538156237248e-15
7942.518753830903 7.367031570944228e-15
7946.694804301388 7.0978846030038696e-15
7950.870854771873 7.236674236441267e-15
7955.046905242359 6.9434281637214675e-15
7959.222955712844 6.985385241826659e-15
7963.399006183329 7.038119308611227e-15
7967.5750566538145 7.126452767827628e-15
7971.7511071243 7.14264087121773e-15
7975.927157594785 7.006531965855768e-15
7980.10320806527 7.535868823435148e-15
7984.279258535756 7.431723778993412e-15
7988.455309006241 7.318005375782996e-15
7992.631359476726 7.350126546686238e-15
7996.807409947212 7.308884597628578e-15
8000.983460417698 7.154802052129476e-15
8005.159510888183 7.050816734871065e-15
8009.335561358668 7.1602274798307e-15
8013.5116118291535 7.404305598382306e-15
8017.687662299639 7.422135517279782e-15
8021.863712770124 7.353426811302854e-15
8026.039763240609 7.298996785189184e-15
8030.215813711095 7.195787914855658e-15
8034.39186418158 7.06700916041463e-15
8038.567914652065 7.112832696716438e-15
8042.74396512255 7.1002158710047595e-15
8046.920015593036 7.055098775533592e-15
8051.096066063521 7.2210515739654e-15
8055.272116534006 7.117226162325396e-15
8059.448167004492 7.122966854421185e-15
8063.624217474977 7.221693263851105e-15
8067.800267945462 7.059089280315742e-15
8071.976318415947 7.295878270776659e-15
8076.152368886433 7.414260444692197e-15
8080.328419356918 7.26730447650288e-15
8084.504469827403 7.058275848055723e-15
8088.6805202978885 7.121745473495433e-15
8092.856570768374 7.319905451644575e-15
8097.032621238859 7.076385211405387e-15
8101.208671709344 7.156603558648462e-15
8105.38472217983 6.85584821658327e-15
8109.560772650315 7.054671776123044e-15
8113.7368231208 7.195893601024798e-15
8117.9128735912855 7.21532248842713e-15
8122.088924061771 7.0732056994080755e-15
8126.264974532256 6.8580563826072065e-15
8130.441025002741 7.327883514735642e-15
8134.617075473227 7.039186925809199e-15
8138.793125943712 6.923246519065324e-15
8142.969176414197 6.905043985174863e-15
8147.145226884682 6.7043703436054766e-15
8151.321277355168 6.6356476182191805e-15
8155.497327825653 6.7097381166625105e-15
8159.673378296138 6.7451571678234025e-15
8163.8494287666235 6.716725199550983e-15
8168.025479237109 6.7742840764616135e-15
8172.201529707594 7.0063401163237734e-15
8176.37758017808 6.999488254844812e-15
8180.553630648566 7.0684371517425826e-15
8184.729681119051 7.187757032676784e-15
8188.905731589536 6.970336930964478e-15
8193.08178206002 6.798203457757981e-15
8197.257832530508 6.923798257462911e-15
8201.433883000991 6.995981474504277e-15
8205.609933471478 7.318260410444957e-15
8209.785983941962 7.180837511429878e-15
8213.962034412449 7.153711753095232e-15
8218.138084882932 6.946403040384507e-15
8222.31413535342 6.856505082206532e-15
8226.490185823903 6.5651541919547624e-15
8230.66623629439 6.5059070189929116e-15
8234.842286764873 6.8007888988327565e-15
8239.01833723536 6.9264294882818445e-15
8243.194387705844 6.964196135119738e-15
8247.370438176331 6.997484563816793e-15
8251.546488646814 7.063362349510933e-15
8255.722539117301 6.916737440497166e-15
8259.898589587785 6.889529244317116e-15
8264.074640058272 7.171743635420449e-15
8268.250690528756 7.236351131328558e-15
8272.426740999243 6.986768301503318e-15
8276.602791469726 6.887364096418382e-15
8280.778841940213 6.99731857125596e-15
8284.954892410697 6.802334539674244e-15
8289.130942881184 6.967889744261104e-15
8293.306993351667 6.992515856930504e-15
8297.483043822154 6.841090239324352e-15
8301.659094292638 7.0702309611195154e-15
8305.835144763125 7.155619416905147e-15
8310.011195233608 7.000711280485867e-15
8314.187245704095 6.877072498978544e-15
8318.363296174579 6.834155576413495e-15
8322.539346645066 6.80305464416363e-15
8326.71539711555 6.951272089776918e-15
8330.891447586037 7.018272478165084e-15
8335.06749805652 7.0097309026133955e-15
8339.243548527007 6.994115076652672e-15
8343.41959899749 7.13637862142608e-15
8347.595649467978 7.398413701559026e-15
8351.771699938461 7.38007122527645e-15
8355.947750408948 7.0700395415970245e-15
8360.123800879433 7.292986231001965e-15
8364.299851349919 7.066836378929754e-15
8368.475901820404 6.9818457027822655e-15
8372.65195229089 6.943240636705522e-15
8376.828002761375 6.97742245082574e-15
8381.00405323186 6.929016016868951e-15
8385.180103702345 6.968533143720906e-15
8389.35615417283 7.025076946585622e-15
8393.532204643316 7.10472342740903e-15
8397.708255113801 7.03877564049331e-15
8401.884305584286 7.074253220953507e-15
8406.060356054772 6.919946951396533e-15
8410.236406525257 7.0358383610723056e-15
8414.412456995742 7.0413064283622955e-15
8418.588507466227 6.991777917896488e-15
8422.764557936713 7.204376786289988e-15
8426.940608407198 7.288403419727704e-15
8431.116658877683 7.161208594682765e-15
8435.292709348169 7.069889201707085e-15
8439.468759818654 7.004167410173016e-15
8443.644810289139 7.093655225957368e-15
8447.820860759624 7.01896779121705e-15
8451.99691123011 6.886116702880546e-15
8456.172961700595 7.037415608962833e-15
8460.34901217108 7.07572644024823e-15
8464.525062641565 7.920419653163961e-15
8468.70111311205 8.469993809138387e-15
8472.877163582536 7.11439902975239e-15
8477.053214053021 6.998452992088771e-15
8481.229264523507 7.557372333860933e-15
8485.405314993992 7.164780491249223e-15
8489.581365464477 7.236756948022928e-15
8493.757415934962 7.310093369758135e-15
8497.933466405448 6.968908658561104e-15
8502.109516875933 6.930106923056406e-15
8506.285567346418 7.263702350079015e-15
8510.461617816904 7.1620925633997e-15
8514.637668287389 7.38385726215988e-15
8518.813718757874 7.115686008095468e-15
8522.98976922836 7.321671018307483e-15
8527.165819698845 7.173553185288536e-15
8531.34187016933 7.1176307571353e-15
8535.517920639817 7.18661137920522e-15
8539.6939711103 6.997725796380778e-15
8543.870021580788 6.779696051599766e-15
8548.046072051271 6.929899708750747e-15
8552.222122521758 7.273654291133679e-15
8556.398172992242 7.091086911366105e-15
8560.574223462729 7.16196586112679e-15
8564.750273933212 7.203122161924211e-15
8568.9263244037 7.116240850234216e-15
8573.102374874183 6.945761300493804e-15
8577.27842534467 6.852281788263906e-15
8581.454475815153 6.919855959260561e-15
8585.63052628564 6.882610263642318e-15
8589.806576756124 6.7889482918025956e-15
8593.982627226611 6.870656431872974e-15
8598.158677697094 6.7285214039660744e-15
8602.334728167581 6.90815337408254e-15
8606.510778638065 7.167666767577681e-15
8610.686829108552 7.263402267444662e-15
8614.862879579036 7.213528113207214e-15
8619.038930049523 7.162895284101339e-15
8623.214980520006 7.32449600792519e-15
8627.391030990493 7.794216400932325e-15
8631.567081460977 7.692099981267987e-15
8635.743131931464 7.227868188416908e-15
8639.919182401947 6.991538975734203e-15
8644.095232872434 7.243136431495778e-15
8648.271283342918 7.042406068730201e-15
8652.447333813405 6.9139071499029276e-15
8656.623384283888 6.940866079890478e-15
8660.799434754375 6.820359992915863e-15
8664.975485224859 6.7074645518431e-15
8669.151535695346 6.7500964618632615e-15
8673.32758616583 7.288166850191931e-15
8677.503636636317 7.410379010521506e-15
8681.6796871068 7.523319555696399e-15
8685.855737577287 7.445490921107446e-15
8690.03178804777 7.370815112437943e-15
8694.207838518258 7.490483055415705e-15
8698.383888988741 7.575836649413683e-15
8702.559939459228 7.665795725411212e-15
8706.735989929712 7.485098521392206e-15
8710.912040400199 7.594655600966789e-15
8715.088090870684 7.560107007802004e-15
8719.26414134117 7.662983918001907e-15
8723.440191811655 7.238780079962431e-15
8727.61624228214 7.235952381292283e-15
8731.792292752625 7.079920363715836e-15
8735.96834322311 6.879925154158543e-15
8740.144393693596 6.827409540675308e-15
8744.320444164081 6.506021480211506e-15
8748.496494634566 6.537207025339223e-15
8752.672545105052 6.873139258928936e-15
8756.848595575537 7.366635916671912e-15
8761.024646046022 7.597006112195408e-15
8765.200696516507 7.312898488937642e-15
8769.376746986993 7.43107708001449e-15
8773.552797457478 7.308762741772204e-15
8777.728847927963 7.32014340748718e-15
8781.904898398448 7.538223652387053e-15
8786.080948868934 7.43912009610428e-15
8790.256999339419 7.560776701232513e-15
8794.433049809904 7.636471245581075e-15
8798.60910028039 7.825498824828426e-15
8802.785150750875 7.69652777642831e-15
8806.96120122136 7.68598480831311e-15
8811.137251691845 7.872117354620869e-15
8815.31330216233 8.081556972087948e-15
8819.489352632816 7.936466744146574e-15
8823.665403103301 7.731792451569905e-15
8827.841453573787 7.617095808938206e-15
8832.017504044272 7.933954062169819e-15
8836.193554514757 7.124139155635709e-15
8840.369604985242 7.206865246969067e-15
8844.545655455728 6.9931281203077185e-15
8848.721705926213 6.5331362761658885e-15
8852.897756396698 6.440568076039685e-15
8857.073806867184 6.296022646343174e-15
8861.249857337669 6.096493074329232e-15
8865.425907808154 6.261961742135162e-15
8869.60195827864 6.595596088594175e-15
8873.778008749125 7.333809024650435e-15
8877.95405921961 7.254446735128719e-15
8882.130109690095 7.540243969814214e-15
8886.30616016058 7.428867915555106e-15
8890.482210631068 7.549468660300308e-15
8894.658261101551 7.672467956793037e-15
8898.834311572038 7.62909514169978e-15
8903.010362042522 7.666459838826838e-15
8907.186412513009 7.427283540162691e-15
8911.362462983492 7.279851373860272e-15
8915.53851345398 8.040865586701943e-15
8919.714563924463 7.576688947511907e-15
8923.89061439495 7.4959050387153e-15
8928.066664865433 7.63429530581855e-15
8932.24271533592 7.80976824970047e-15
8936.418765806404 7.756334115284507e-15
8940.594816276891 7.738147743196793e-15
8944.770866747374 7.165636149278976e-15
8948.946917217861 7.242136369354615e-15
8953.122967688345 7.595887844310312e-15
8957.299018158832 7.236320861260798e-15
8961.475068629316 7.286032742331326e-15
8965.651119099803 7.354450066475974e-15
8969.827169570286 7.129858353216109e-15
8974.003220040773 6.557783677223733e-15
8978.179270511257 6.609768890244443e-15
8982.355320981744 6.948195457002613e-15
8986.531371452227 6.394568413983945e-15
8990.707421922714 5.858984913356095e-15
8994.883472393198 6.691138563702628e-15
8999.059522863685 6.05578255268059e-15
9003.235573334168 5.763510216714424e-15
9007.411623804655 5.865211971982729e-15
9011.587674275139 5.914678049595494e-15
9015.763724745626 6.134677121396063e-15
9019.93977521611 6.2872384831949185e-15
9024.115825686597 6.730164818493406e-15
9028.29187615708 6.902697687439878e-15
9032.467926627567 7.239877997019271e-15
9036.64397709805 7.161076832988771e-15
9040.820027568538 7.0875417982841404e-15
9044.996078039021 7.0056544001032585e-15
9049.172128509508 7.003787066078484e-15
9053.348178979992 6.787090790602418e-15
9057.524229450479 6.973769582272311e-15
9061.700279920962 6.9380765815268095e-15
9065.87633039145 7.102024556879383e-15
9070.052380861935 6.6003176367317504e-15
9074.22843133242 6.738832074354749e-15
9078.404481802905 7.227954671467864e-15
9082.58053227339 6.72792855932594e-15
9086.756582743876 7.021569661492858e-15
9090.932633214361 7.031420103632295e-15
9095.108683684846 7.211266540580847e-15
9099.284734155332 7.257890332200381e-15
9103.460784625817 6.8914700094113046e-15
9107.636835096302 7.126417942590753e-15
9111.812885566787 7.572207961813528e-15
9115.988936037273 6.6189549176682486e-15
9120.164986507758 6.895386610803317e-15
9124.341036978243 7.006594526343957e-15
9128.517087448728 6.698300163835175e-15
9132.693137919214 6.721808418791678e-15
9136.869188389699 7.221468474360024e-15
9141.045238860184 7.302497720109107e-15
9145.22128933067 7.0812837371934694e-15
9149.397339801155 6.8968566180934664e-15
9153.57339027164 6.700736772622351e-15
9157.749440742125 6.930687372902036e-15
9161.92549121261 6.99050852546454e-15
9166.101541683096 7.0780661935961535e-15
9170.277592153581 7.093871294328586e-15
9174.453642624067 6.867893591096295e-15
9178.629693094552 7.048090507938437e-15
9182.805743565037 7.282235132293553e-15
9186.981794035522 7.28604751131985e-15
9191.157844506008 7.144024750122057e-15
9195.333894976493 7.14084776324189e-15
9199.509945446978 6.9938650119041535e-15
