wavelength flux
3804.05273757997 -9.471028061442526e-16
3808.2287880504555 4.2725447036983823e-16
3812.4048385209408 2.3938146929864654e-15
3816.580888991426 1.133834133768493e-15
3820.7569394619113 -2.604388238885417e-16
3824.9329899323966 5.278383981436286e-16
3829.109040402882 6.245431156009116e-16
3833.285090873367 -1.9016379649391858e-16
3837.4611413438524 -2.6245782182079833e-16
3841.6371918143377 8.589894370998828e-20
3845.813242284823 1.9947782120245634e-17
3849.9892927553083 -8.261976474761843e-16
3854.1653432257935 -3.7603733892998804e-17
3858.341393696279 -6.888780845368891e-16
3862.517444166764 6.828897855964166e-16
3866.6934946372494 3.0160598457951714e-16
3870.8695451077347 9.827953377510094e-16
3875.0455955782204 -4.3259998420505177e-16
3879.2216460487057 -4.0797122730001797e-16
3883.397696519191 7.859745665171286e-17
3887.5737469896762 1.3651469239941648e-16
3891.7497974601615 7.905587045975452e-16
3895.925847930647 5.261493565793534e-16
3900.101898401132 -5.418853058861239e-16
3904.2779488716174 -5.241418718377935e-16
3908.4539993421026 1.4869292328206808e-17
3912.630049812588 1.820623290441726e-16
3916.806100283073 -2.922259758325692e-16
3920.982150753559 1.5942990690528242e-17
3925.158201224044 4.011931806287151e-16
3929.3342516945295 6.403403125250803e-17
3933.5103021650148 -2.894210144829538e-16
3937.6863526355 -2.2383650830424413e-16
3941.8624031059853 -5.830517904247345e-16
3946.0384535764706 -3.1795514021724374e-16
3950.214504046956 -4.790532100767354e-16
3954.390554517441 7.048824440882619e-17
3958.5666049879264 4.920506128504657e-16
3962.7426554584117 1.603355247241004e-16
3966.918705928897 7.060691976093791e-17
3971.0947563993823 1.1184565704929275e-16
3975.2708068698676 3.5859044922456264e-16
3979.446857340353 2.6387272257674146e-16
3983.622907810838 -1.5589761208145342e-16
3987.7989582813234 -3.2380420486295084e-16
3991.9750087518087 2.5145557072746826e-16
3996.151059222294 -1.2819920308023743e-16
4000.3271096927792 5.630616239091181e-16
4004.5031601632645 3.7498347607839287e-16
4008.67921063375 2.675572119816234e-16
4012.855261104235 4.847928413627017e-16
4017.0313115747203 6.628782636017758e-16
4021.2073620452056 3.0295799737813653e-16
4025.383412515691 4.632354895802776e-16
4029.559462986176 6.917144648605833e-16
4033.7355134566615 5.291465247474937e-16
4037.9115639271467 1.7861665225592525e-16
4042.087614397632 6.134911199067024e-16
4046.2636648681173 9.024496370842647e-16
4050.4397153386026 6.870757775858517e-16
4054.6157658090883 5.396553314142327e-16
4058.7918162795736 7.675243286295469e-16
4062.967866750059 1.0040597994081374e-15
4067.143917220544 2.9712295345654463e-16
4071.3199676910294 -3.8127758033810113e-17
4075.4960181615147 3.490980346743295e-16
4079.672068632 6.904758031346269e-16
4083.8481191024853 4.747671045597601e-16
4088.0241695729705 6.843667267597935e-16
4092.200220043456 6.432553980898455e-16
4096.376270513942 5.602776728313118e-16
4100.552320984427 1.999429803022106e-16
4104.728371454912 3.367146956137268e-16
4108.904421925397 6.123228230883367e-16
4113.080472395883 4.0607441419344643e-16
4117.256522866368 7.067160183894016e-16
4121.432573336853 6.295244148823046e-16
4125.6086238073385 3.5303103448598647e-16
4129.784674277824 3.4994777578531557e-16
4133.960724748309 3.989773226576114e-16
4138.136775218794 7.067948719828271e-16
4142.31282568928 8.002618719463215e-16
4146.488876159765 5.77169943260632e-16
4150.66492663025 2.8750953731561954e-16
4154.8409771007355 5.079401835863718e-16
4159.017027571221 6.134956664001357e-16
4163.193078041706 6.273012657117966e-16
4167.369128512191 5.827609668040089e-16
4171.545178982677 6.028743355814236e-16
4175.721229453162 3.368517017944666e-16
4179.897279923647 4.594891888716171e-16
4184.073330394132 3.967462407600001e-16
4188.249380864618 4.600320913991821e-16
4192.425431335103 7.843738948946096e-16
4196.601481805588 5.963326875687362e-16
4200.7775322760735 5.013425150859444e-16
4204.953582746559 6.439140677556269e-16
4209.129633217044 5.201984063948226e-16
4213.305683687529 4.1151904283158285e-16
4217.481734158015 7.066527427127413e-16
4221.6577846285 7.148210074104738e-16
4225.833835098985 7.135624659060641e-16
4230.0098855694705 5.956518958385766e-16
4234.185936039956 5.889273457507809e-16
4238.361986510441 5.295977316741647e-16
4242.538036980926 3.8627814204058124e-16
4246.714087451412 4.957667299389815e-16
4250.890137921897 6.422552347067424e-16
4255.066188392382 4.978937199479446e-16
4259.242238862867 6.685177355917358e-16
4263.418289333353 7.278108045562437e-16
4267.594339803838 6.7884122415918075e-16
4271.770390274323 5.958839054950906e-16
4275.946440744809 5.973269899502335e-16
4280.122491215294 6.834117590002206e-16
4284.298541685779 7.208221298513191e-16
4288.474592156264 5.609288454364227e-16
4292.65064262675 7.522617097624643e-16
4296.826693097235 5.108343158037327e-16
4301.002743567721 5.518097056416023e-16
4305.178794038206 6.375110578345406e-16
4309.354844508692 4.91402087698671e-16
4313.530894979177 6.619744965520986e-16
4317.706945449662 5.930835230446599e-16
4321.882995920148 5.985499570196551e-16
4326.059046390633 7.84074737615561e-16
4330.235096861118 6.274177552969312e-16
4334.411147331603 6.210199384974128e-16
4338.587197802089 5.254709934754499e-16
4342.763248272574 6.110252732431513e-16
4346.939298743059 7.152021311937328e-16
4351.1153492135445 8.34963678564562e-16
4355.29139968403 7.277671440667022e-16
4359.467450154515 8.565298611555471e-16
4363.643500625 9.430047504394293e-16
4367.819551095486 7.547007330367692e-16
4371.995601565971 8.14966730500586e-16
4376.171652036456 7.095067263482782e-16
4380.3477025069415 8.003004891485485e-16
4384.523752977427 7.5851903698831e-16
4388.699803447913 7.252574507202995e-16
4392.875853918398 7.996229382874604e-16
4397.0519043888835 6.643583485260379e-16
4401.227954859369 8.370889810769589e-16
4405.404005329854 7.907735387310477e-16
4409.580055800339 7.556106659865805e-16
4413.756106270825 6.316222119099611e-16
4417.93215674131 8.348307306361519e-16
4422.108207211795 6.262324412011733e-16
4426.28425768228 7.63988049701127e-16
4430.460308152766 6.692934299403309e-16
4434.636358623251 8.613260524053411e-16
4438.812409093736 7.31807080663488e-16
4442.988459564222 6.672554431102544e-16
4447.164510034707 7.776979820122154e-16
4451.340560505192 8.334830543685765e-16
4455.516610975677 7.862895366677777e-16
4459.692661446163 7.125428132766117e-16
4463.868711916648 6.663099464085102e-16
4468.044762387133 7.954948362602148e-16
4472.2208128576185 1.0888298482622582e-15
4476.396863328104 1.0105427949430734e-15
4480.572913798589 8.678328899371519e-16
4484.748964269074 8.277880668999716e-16
4488.92501473956 9.548919540492168e-16
4493.101065210045 9.7282511143754e-16
4497.27711568053 9.24447419541382e-16
4501.4531661510155 1.0053844643506156e-15
4505.629216621501 1.1167606012497246e-15
4509.805267091986 1.0916391330967603e-15
4513.981317562471 1.0818378761678759e-15
4518.157368032957 1.1307399184531695e-15
4522.333418503442 1.0953253495578934e-15
4526.509468973927 8.253889405204408e-16
4530.685519444412 7.482962917020628e-16
4534.861569914898 9.363756332076777e-16
4539.037620385383 8.426820333928608e-16
4543.213670855868 9.282882913748495e-16
4547.3897213263535 8.376861196809073e-16
4551.565771796839 9.135730309606232e-16
4555.741822267324 1.0206326926465507e-15
4559.917872737809 9.730877940312589e-16
4564.093923208295 1.0648698919912822e-15
4568.26997367878 1.0242011267807223e-15
4572.446024149265 1.1517863110194946e-15
4576.6220746197505 1.135304186311621e-15
4580.798125090236 1.023032080421838e-15
4584.974175560721 1.0566689739729738e-15
4589.150226031206 9.401358072507352e-16
4593.326276501692 8.691224584830369e-16
4597.502326972177 9.88824953420458e-16
4601.678377442662 1.1372468389547834e-15
4605.854427913147 1.2944604250124138e-15
4610.030478383633 1.2077112678954122e-15
4614.206528854118 1.2100824138644244e-15
4618.382579324603 1.2395776720827728e-15
4622.558629795089 1.1780138526125995e-15
4626.734680265574 1.2579977073875362e-15
4630.910730736059 1.1628712092731679e-15
4635.086781206544 1.055118295901214e-15
4639.26283167703 1.0894340308684326e-15
4643.438882147515 1.0926734299538181e-15
4647.614932618 1.0315870125474133e-15
4651.7909830884855 1.1554297088219648e-15
4655.967033558972 1.2814075773271413e-15
4660.143084029457 1.2235487979980248e-15
4664.319134499942 1.0571179825707812e-15
4668.4951849704275 9.150411903894231e-16
4672.671235440913 1.0790943733091549e-15
4676.847285911398 1.1935528927558066e-15
4681.023336381883 1.153203464063521e-15
4685.199386852369 1.241213902168802e-15
4689.375437322854 1.237719370413337e-15
4693.551487793339 1.2398923101889792e-15
4697.7275382638245 9.89069489483133e-16
4701.90358873431 9.524239726295452e-16
4706.079639204795 1.1177669396612122e-15
4710.25568967528 1.1765471709368383e-15
4714.431740145766 1.3849054643834124e-15
4718.607790616251 1.232472601831606e-15
4722.783841086736 1.1873125862889465e-15
4726.959891557221 1.2877204730293032e-15
4731.135942027707 1.0508773912187514e-15
4735.311992498192 1.3221757685534497e-15
4739.488042968677 1.2220840015201882e-15
4743.664093439163 1.325023001914357e-15
4747.840143909649 1.390136404091635e-15
4752.016194380134 1.269866104137718e-15
4756.192244850619 1.2140318044016703e-15
4760.368295321105 1.2236178181568667e-15
4764.54434579159 1.2131341417696685e-15
4768.720396262075 1.3008883337252505e-15
4772.89644673256 1.338891118169584e-15
4777.072497203046 1.3882154313895189e-15
4781.248547673531 1.3805043169185106e-15
4785.424598144016 1.2562188349245884e-15
4789.600648614502 1.3832900780154942e-15
4793.776699084987 1.4962934172554514e-15
4797.952749555472 1.4143695579418032e-15
4802.128800025957 1.2864544928854978e-15
4806.304850496443 1.2742182804710467e-15
4810.480900966928 1.3357362626215731e-15
4814.656951437413 1.333827087029705e-15
4818.8330019078985 1.429234837294503e-15
4823.009052378384 1.2517539047899918e-15
4827.185102848869 1.3577485938400446e-15
4831.361153319354 1.3023603789955285e-15
4835.53720378984 1.5008989389125602e-15
4839.713254260325 2.7009144257533085e-15
4843.88930473081 9.527585975680099e-15
4848.0653552012955 1.7380109414190176e-15
4852.241405671781 1.5039364978137412e-15
4856.417456142266 1.1274773982469113e-15
4860.593506612751 1.1495041064843419e-15
4864.769557083237 1.2498015805016992e-15
4868.945607553722 1.2141165413006296e-15
4873.121658024207 1.1594398146574054e-15
4877.297708494692 1.341811581982402e-15
4881.473758965178 1.3941476631986523e-15
4885.649809435663 1.3309865468273067e-15
4889.825859906148 1.4241429744008321e-15
4894.0019103766335 1.5567236355091132e-15
4898.177960847119 1.4885155189833163e-15
4902.354011317604 1.5131362099056495e-15
4906.530061788089 1.4971607848497608e-15
4910.706112258575 1.4387484357604403e-15
4914.88216272906 1.515295517654729e-15
4919.058213199545 1.3811531116217736e-15
4923.2342636700305 1.3266695042471691e-15
4927.410314140516 1.533802055016757e-15
4931.586364611001 1.5018876343659695e-15
4935.762415081486 1.3656386617041964e-15
4939.938465551972 1.5424682902452875e-15
4944.114516022457 1.7093525602722783e-15
4948.290566492942 1.5791747495070683e-15
4952.466616963427 1.5328050343430527e-15
4956.642667433913 1.5958263176113911e-15
4960.818717904398 1.6441537493509748e-15
4964.994768374883 1.6808475341601739e-15
4969.170818845369 1.6058388965209917e-15
4973.346869315854 1.7018015234054513e-15
4977.522919786339 1.5101699814537056e-15
4981.698970256824 1.4961448756366025e-15
4985.87502072731 1.5832463912132952e-15
4990.051071197795 1.6841802413053323e-15
4994.22712166828 1.686287568124006e-15
4998.4031721387655 1.511864385201551e-15
5002.579222609251 1.4682706819689376e-15
5006.755273079736 1.6035594851180955e-15
5010.931323550222 1.5672952921826242e-15
5015.1073740207075 1.4820958564335071e-15
5019.283424491193 1.6066139909290233e-15
5023.459474961678 1.5501592413610285e-15
5027.635525432163 1.7342809399542079e-15
5031.811575902649 1.7064830787800985e-15
5035.987626373134 1.5939607774095658e-15
5040.163676843619 1.6087568564995312e-15
5044.3397273141045 1.8035806214388988e-15
5048.51577778459 1.7430337157082075e-15
5052.691828255075 2.0005084096850107e-15
5056.86787872556 1.9528482571250525e-15
5061.043929196046 1.821487799397093e-15
5065.219979666531 1.770318318099277e-15
5069.396030137016 1.7857903707656693e-15
5073.572080607501 1.740433884425572e-15
5077.748131077987 1.7049808903227117e-15
5081.924181548472 1.782832790583115e-15
5086.100232018957 1.9256782014618232e-15
5090.276282489443 1.90632963397998e-15
5094.452332959928 1.8453020906369518e-15
5098.628383430413 1.8470169164252294e-15
5102.804433900899 1.898960638168561e-15
5106.980484371385 1.7471164768599286e-15
5111.15653484187 1.681465913318487e-15
5115.332585312355 2.03903752258318e-15
5119.50863578284 1.9171348357108666e-15
5123.684686253326 1.8196656570890065e-15
5127.860736723811 1.6887665451646201e-15
5132.036787194296 1.91927968643248e-15
5136.212837664782 1.8742790511506155e-15
5140.388888135267 1.7383613423636044e-15
5144.564938605752 1.7937812190839052e-15
5148.740989076237 1.8840363704534822e-15
5152.917039546723 1.868357335463642e-15
5157.093090017208 1.9521649253546912e-15
5161.269140487693 1.942955953136938e-15
5165.4451909581785 1.729745647969523e-15
5169.621241428664 1.7506695742433997e-15
5173.797291899149 1.937586463576425e-15
5177.973342369634 2.0417420902342514e-15
5182.14939284012 1.9375661422863137e-15
5186.325443310605 1.8726704142838417e-15
5190.50149378109 1.8369817097327767e-15
5194.6775442515755 1.7854851039782818e-15
5198.853594722061 1.9034714818469165e-15
5203.029645192546 1.821836237519989e-15
5207.205695663031 2.077556225553272e-15
5211.381746133517 1.964228345278624e-15
5215.557796604002 2.043542549992085e-15
5219.733847074487 2.0839292769129416e-15
5223.909897544972 1.9694748448381813e-15
5228.085948015458 2.0193732757278205e-15
5232.261998485943 2.1169401608147896e-15
5236.438048956428 2.153748852755395e-15
5240.6140994269135 2.189583250590146e-15
5244.790149897399 2.0482264672119577e-15
5248.966200367884 2.048035225889395e-15
5253.142250838369 2.04495417988322e-15
5257.318301308855 2.1398286626442875e-15
5261.49435177934 1.796481839815969e-15
5265.670402249825 1.8280714697435885e-15
5269.8464527203105 2.0420485226109663e-15
5274.022503190796 2.1803722668750813e-15
5278.198553661281 2.14582882802e-15
5282.374604131766 2.2131102760144362e-15
5286.550654602252 2.398669055108707e-15
5290.726705072737 2.4286175662640597e-15
5294.902755543222 2.271196218775536e-15
5299.078806013707 2.2424330052956957e-15
5303.254856484193 2.2686491305205193e-15
5307.430906954678 2.3173088160801746e-15
5311.606957425163 2.4251733547099774e-15
5315.783007895649 2.3969354189006398e-15
5319.959058366134 2.3802621232901276e-15
5324.135108836619 2.231139161428507e-15
5328.311159307104 2.0310451528551233e-15
5332.48720977759 2.316382346904923e-15
5336.663260248075 2.399221272186006e-15
5340.83931071856 2.2652792693189166e-15
5345.0153611890455 2.4386544229829926e-15
5349.191411659531 2.5509393166619285e-15
5353.367462130016 2.6654159584104762e-15
5357.543512600501 2.5151923725645467e-15
5361.719563070987 2.4518904895678766e-15
5365.895613541472 2.466925826308748e-15
5370.071664011958 2.47789022122712e-15
5374.247714482443 2.6222911793461937e-15
5378.423764952929 2.5269111774839357e-15
5382.599815423414 2.478068359281719e-15
5386.775865893899 2.5576219356864044e-15
5390.9519163643845 2.394085868200625e-15
5395.12796683487 2.4760322078218905e-15
5399.304017305355 2.5088111249555497e-15
5403.48006777584 2.4783301121828903e-15
5407.656118246326 2.4661466593065055e-15
5411.832168716811 2.5335717017346384e-15
5416.008219187296 2.5207375328290166e-15
5420.184269657781 2.509566224841956e-15
5424.360320128267 2.54091845157279e-15
5428.536370598752 2.512371702643104e-15
5432.712421069237 2.508323135826306e-15
5436.888471539723 2.6697582398219617e-15
5441.064522010208 2.6992029442141344e-15
5445.240572480693 2.6012933663189627e-15
5449.416622951178 2.812176400586046e-15
5453.592673421664 2.9121044607464834e-15
5457.76872389215 2.796458080671541e-15
5461.944774362635 2.619059377581194e-15
5466.12082483312 2.6995979197718215e-15
5470.296875303606 2.640851515275669e-15
5474.472925774091 2.6235478751448465e-15
5478.648976244576 2.689884498772046e-15
5482.8250267150615 2.8094301526754513e-15
5487.001077185547 2.7861684513899378e-15
5491.177127656032 2.7547567292560545e-15
5495.353178126517 2.822766966974247e-15
5499.529228597003 2.662542214950118e-15
5503.705279067488 2.799305843841154e-15
5507.881329537973 2.675875176663723e-15
5512.0573800084585 2.785498776205302e-15
5516.233430478944 2.8619575125297922e-15
5520.409480949429 2.8756948574714155e-15
5524.585531419914 2.765232874318194e-15
5528.7615818904 2.7653720471147683e-15
5532.937632360885 2.815292839185904e-15
5537.11368283137 2.8481100764614217e-15
5541.289733301855 2.8674595849830335e-15
5545.465783772341 2.9626322082435402e-15
5549.641834242826 3.0896747253944663e-15
5553.817884713311 3.0330702462342823e-15
5557.993935183797 3.0491411152348205e-15
5562.169985654282 2.916068096697073e-15
5566.346036124767 2.8824178489640943e-15
5570.522086595252 2.7739163288662233e-15
5574.698137065738 3.325654703510521e-15
5578.874187536223 3.050169757664612e-15
5583.050238006708 2.909938152412553e-15
5587.2262884771935 2.8772743583179394e-15
5591.402338947679 2.881700567665923e-15
5595.578389418164 3.0071165648590247e-15
5599.754439888649 3.097976357816051e-15
5603.930490359135 3.1739892987205613e-15
5608.10654082962 3.2476405416295712e-15
5612.282591300105 3.1056969486967652e-15
5616.4586417705905 3.063534249763071e-15
5620.634692241076 3.2327289904124655e-15
5624.810742711561 3.1805759080068033e-15
5628.986793182046 3.309281986560319e-15
5633.162843652532 3.190120234308952e-15
5637.338894123017 3.104043677816447e-15
5641.514944593502 3.280770800186094e-15
5645.690995063987 3.2729269164519015e-15
5649.867045534473 3.2143915742394958e-15
5654.043096004958 3.131808755787175e-15
5658.219146475443 2.9998568400022518e-15
5662.395196945929 3.0384219543694357e-15
5666.571247416414 3.091629979203257e-15
5670.747297886899 3.2816750765952233e-15
5674.923348357384 3.5197176522756767e-15
5679.09939882787 3.2994358726349668e-15
5683.275449298355 3.277084790904593e-15
5687.45149976884 3.292166701366488e-15
5691.6275502393255 3.2981132581470956e-15
5695.803600709811 3.270172737520295e-15
5699.979651180296 3.2284559560277906e-15
5704.155701650781 3.1631691167902704e-15
5708.331752121267 3.127799622598096e-15
5712.507802591752 3.2302872614728246e-15
5716.683853062237 3.4298067488142823e-15
5720.8599035327225 3.556727663050302e-15
5725.035954003209 3.552717457022774e-15
5729.212004473694 3.5275336864969197e-15
5733.388054944179 3.5966822564475285e-15
5737.5641054146645 3.5138703960393416e-15
5741.74015588515 3.495363657183312e-15
5745.916206355635 3.5217348697182734e-15
5750.09225682612 3.5207936072512334e-15
5754.268307296606 3.481274988880772e-15
5758.444357767091 3.4456958813043727e-15
5762.620408237576 3.450290008879418e-15
5766.796458708061 3.3261277425566827e-15
5770.972509178547 3.5128118853738373e-15
5775.148559649032 3.293810917016014e-15
5779.324610119517 3.1156554121319186e-15
5783.500660590003 3.2476177953630927e-15
5787.676711060488 3.4460498108989383e-15
5791.852761530973 3.5564292318542004e-15
5796.028812001458 3.5139509209369866e-15
5800.204862471944 3.490348039582704e-15
5804.380912942429 3.5405957263057064e-15
5808.556963412914 3.601071406666099e-15
5812.7330138833995 3.6644293646403256e-15
5816.909064353886 3.814001533052777e-15
5821.085114824371 3.797526210701518e-15
5825.261165294856 3.718448647779416e-15
5829.4372157653415 3.979602832825871e-15
5833.613266235827 3.9242841695850726e-15
5837.789316706312 3.7750209632656666e-15
5841.965367176797 3.706148872504543e-15
5846.141417647283 3.775932660030576e-15
5850.317468117768 3.71932296125143e-15
5854.493518588253 3.573293808262539e-15
5858.6695690587385 3.638659882714605e-15
5862.845619529224 3.8881156843868876e-15
5867.021669999709 3.8871585852241376e-15
5871.197720470194 4.078240480018776e-15
5875.37377094068 3.9916200563707965e-15
5879.549821411165 3.881890349869846e-15
5883.72587188165 3.4303036724176527e-15
5887.901922352135 2.8355392484593815e-15
5892.077972822621 2.693836869311376e-15
5896.254023293106 3.204693851362755e-15
5900.430073763591 3.74066247792381e-15
5904.606124234077 3.93310253007634e-15
5908.782174704562 3.896844077168639e-15
5912.958225175047 3.923232929080948e-15
5917.134275645532 3.77407899594044e-15
5921.310326116018 3.903829497960207e-15
5925.486376586503 3.909158030691199e-15
5929.662427056988 3.933804357711272e-15
5933.8384775274735 4.0715942942498954e-15
5938.014527997959 4.015763268679721e-15
5942.190578468444 3.89396027907518e-15
5946.366628938929 3.88646118827984e-15
5950.542679409415 3.9760123473233106e-15
5954.7187298799 4.076509436066419e-15
5958.894780350385 3.980524197398333e-15
5963.0708308208705 3.994758797361628e-15
5967.246881291356 4.1998808304154155e-15
5971.422931761841 3.9519943025244e-15
5975.598982232326 3.9841318192045505e-15
5979.775032702812 3.991962772356889e-15
5983.951083173297 3.859501567279786e-15
5988.127133643782 3.933847202133386e-15
5992.303184114267 4.0268930872886966e-15
5996.479234584753 4.01526065558608e-15
6000.655285055238 3.916417437583135e-15
6004.831335525723 3.907415991160998e-15
6009.0073859962085 3.97730769818042e-15
6013.183436466694 3.912771486040612e-15
6017.359486937179 4.0656354930102305e-15
6021.535537407664 4.025137636070362e-15
6025.71158787815 4.063799307669325e-15
6029.887638348635 4.084747686260382e-15
6034.06368881912 4.175320172298076e-15
6038.2397392896055 4.205341933574723e-15
6042.415789760091 4.153346151499665e-15
6046.591840230576 4.1696673292836436e-15
6050.767890701061 4.2701065955508325e-15
6054.943941171547 4.052275899896697e-15
6059.119991642032 4.1184098465049106e-15
6063.296042112517 4.225540476355901e-15
6067.472092583002 4.318792761913593e-15
6071.648143053488 4.354442289163345e-15
6075.824193523973 4.214350355744545e-15
6080.000243994459 4.055437207055399e-15
6084.1762944649445 4.0928329127092285e-15
6088.35234493543 4.188057990501923e-15
6092.528395405915 4.135348614515883e-15
6096.7044458764 4.176344399346057e-15
6100.880496346886 4.121655845826003e-15
6105.056546817371 4.229120441126486e-15
6109.232597287856 4.222856979924333e-15
6113.408647758341 4.307806935835501e-15
6117.584698228827 4.250903599135896e-15
6121.760748699312 4.189396724311605e-15
6125.936799169797 4.169294401608202e-15
6130.112849640283 4.1288701747151734e-15
6134.288900110768 4.04187767353482e-15
6138.464950581253 3.967809874354933e-15
6142.641001051738 4.032686699570783e-15
6146.817051522224 4.146536100876226e-15
6150.993101992709 4.1004470343929734e-15
6155.169152463194 4.1121474728526615e-15
6159.3452029336795 3.919962466564487e-15
6163.521253404165 3.856792481247569e-15
6167.69730387465 3.950353913051433e-15
6171.873354345136 3.940801553896462e-15
6176.0494048156215 3.929922819521219e-15
6180.225455286107 4.022354563734221e-15
6184.401505756592 4.025028699765846e-15
6188.577556227077 4.084745066365244e-15
6192.753606697563 3.933546357193018e-15
6196.929657168048 4.18194279995083e-15
6201.105707638533 4.1062247721207656e-15
6205.2817581090185 4.1422864445446115e-15
6209.457808579504 4.248567705661867e-15
6213.633859049989 4.202460878962944e-15
6217.809909520474 4.137673561053609e-15
6221.98595999096 4.181508774142104e-15
6226.162010461445 4.212844717115628e-15
6230.33806093193 4.073082073582097e-15
6234.514111402415 4.295451853201487e-15
6238.690161872901 4.153132151384516e-15
6242.866212343386 4.084319791252577e-15
6247.042262813871 4.1819361008645144e-15
6251.218313284357 4.229283154471996e-15
6255.394363754842 4.146223451053476e-15
6259.570414225327 4.174346136247058e-15
6263.746464695812 4.297328226865937e-15
6267.922515166298 4.325812234946494e-15
6272.098565636783 4.3045835695725695e-15
6276.274616107268 3.850065694678525e-15
6280.4506665777535 3.5155296641490587e-15
6284.626717048239 3.83462429052023e-15
6288.802767518724 4.177525468361532e-15
6292.978817989209 4.3450636826870036e-15
6297.154868459695 4.335872850414816e-15
6301.33091893018 4.1943880946122365e-15
6305.506969400665 4.248804052882342e-15
6309.6830198711505 4.289383855880142e-15
6313.859070341636 4.233703975422763e-15
6318.035120812121 4.338677913884343e-15
6322.211171282606 4.474946561444939e-15
6326.387221753092 4.4556747581542185e-15
6330.563272223577 4.560428026871384e-15
6334.739322694062 4.5875724145813516e-15
6338.915373164547 4.488732642062262e-15
6343.091423635033 4.46190435671904e-15
6347.267474105518 4.5243643222006395e-15
6351.443524576003 4.493137891231127e-15
6355.6195750464885 4.360217634933408e-15
6359.795625516974 4.4383530512986144e-15
6363.971675987459 4.49312973957424e-15
6368.147726457944 4.668998148849381e-15
6372.32377692843 4.646529320341819e-15
6376.499827398915 4.7022134502965e-15
6380.6758778694 4.698047575298652e-15
6384.8519283398855 4.7284543666977026e-15
6389.027978810371 4.675029634456297e-15
6393.204029280857 4.587715498874715e-15
6397.380079751342 4.789424080738841e-15
6401.5561302218275 4.720137770807541e-15
6405.732180692313 4.6234621668550175e-15
6409.908231162798 4.590261398225304e-15
6414.084281633283 4.486592736222005e-15
6418.260332103769 4.6690628647588236e-15
6422.436382574254 4.713738431872473e-15
6426.612433044739 4.685704619886676e-15
6430.7884835152245 4.657505606423121e-15
6434.96453398571 4.646788035685822e-15
6439.140584456195 4.715715523374977e-15
6443.31663492668 4.7271176334715124e-15
6447.492685397166 4.668475364239974e-15
6451.668735867651 4.50809725787715e-15
6455.844786338136 4.460780150435961e-15
6460.020836808621 4.6589033516529754e-15
6464.196887279107 4.796313494250091e-15
6468.372937749592 4.8479079957728446e-15
6472.548988220077 4.840373345578213e-15
6476.7250386905625 4.785482325316922e-15
6480.901089161048 4.822153037177684e-15
6485.077139631533 4.8198953594943655e-15
6489.253190102018 4.699620630607971e-15
6493.429240572504 4.233219906442957e-15
6497.605291042989 4.388508520035604e-15
6501.781341513474 4.760222951475327e-15
6505.9573919839595 5.068537804975169e-15
6510.133442454445 5.0677044447674405e-15
6514.30949292493 4.8752788453021756e-15
6518.485543395415 4.754536308861241e-15
6522.661593865901 4.784349628776699e-15
6526.837644336386 4.7731170866881965e-15
6531.013694806871 4.731785058780622e-15
6535.189745277356 4.8424363685915596e-15
6539.365795747842 5.0278991006126275e-15
6543.541846218327 5.103011048698938e-15
6547.717896688812 5.275761927645554e-15
6551.893947159298 5.998297235942661e-15
6556.069997629783 7.143216793185543e-15
6560.246048100268 8.145615534944625e-15
6564.422098570753 8.726731430305737e-15
6568.598149041239 7.13182100732293e-15
6572.774199511725 5.241696768229567e-15
6576.95024998221 5.108897631769315e-15
6581.126300452695 5.19144192561778e-15
6585.302350923181 5.10960420821541e-15
6589.478401393666 4.9881914701791535e-15
6593.654451864151 4.957998051022061e-15
6597.830502334637 5.0355137973199024e-15
6602.006552805122 5.1279203187519075e-15
6606.182603275607 5.111095416004512e-15
6610.358653746092 4.869492032683608e-15
6614.534704216578 5.2855774922438816e-15
6618.710754687063 5.150030815250616e-15
6622.886805157548 5.3007142937184025e-15
6627.0628556280335 5.15194812060698e-15
6631.238906098519 5.08538214374464e-15
6635.414956569004 5.223434133753461e-15
6639.591007039489 5.261274763972527e-15
6643.767057509975 5.2101999245600785e-15
6647.94310798046 5.317981022573023e-15
6652.119158450945 5.303617581416429e-15
6656.2952089214305 5.262410100995574e-15
6660.471259391916 5.2201159778520785e-15
6664.647309862401 5.382318334895909e-15
6668.823360332886 5.412687584761501e-15
6672.999410803372 5.367224510118323e-15
6677.175461273857 5.388033757154266e-15
6681.351511744342 5.501123673016731e-15
6685.527562214827 5.640669524446719e-15
6689.703612685313 5.65360783197858e-15
6693.879663155798 5.5475512015532906e-15
6698.055713626283 5.4736258515571204e-15
6702.2317640967685 5.585129478255756e-15
6706.407814567254 5.608992494996906e-15
6710.583865037739 5.407221974036005e-15
6714.759915508224 5.27503173157016e-15
6718.93596597871 5.4027724570643105e-15
6723.112016449195 5.48202176397922e-15
6727.28806691968 5.511921505194978e-15
6731.4641173901655 5.429640126988068e-15
6735.640167860651 5.507373680102785e-15
6739.816218331136 5.4334572798872365e-15
6743.992268801621 5.485915014482815e-15
6748.1683192721075 5.5309787007829184e-15
6752.344369742593 5.593708127182599e-15
6756.520420213078 5.612943612593293e-15
6760.696470683563 5.512820051244931e-15
6764.872521154049 5.5466133014613126e-15
6769.048571624534 5.593226244441787e-15
6773.224622095019 5.746631698770289e-15
6777.4006725655045 5.681446432970378e-15
6781.57672303599 5.6325339712910065e-15
6785.752773506475 5.66930646977798e-15
6789.92882397696 5.7129667619569075e-15
6794.104874447446 5.78033435095312e-15
6798.280924917931 5.86286074133226e-15
6802.456975388416 5.8490470302433285e-15
6806.633025858901 5.684748795858477e-15
6810.809076329387 5.899131457993703e-15
6814.985126799872 6.042797788742121e-15
6819.161177270357 5.943928305154444e-15
6823.3372277408425 5.992345165074079e-15
6827.513278211328 5.941281236603059e-15
6831.689328681813 5.946275901389404e-15
6835.865379152298 5.973504972229592e-15
6840.041429622784 5.690315544810464e-15
6844.217480093269 5.727978677205938e-15
6848.393530563754 6.120264973240913e-15
6852.5695810342395 5.95746091115859e-15
6856.745631504725 5.6262487038912715e-15
6860.92168197521 5.7001243680404695e-15
6865.097732445695 5.187042025572254e-15
6869.273782916181 4.7250289115973025e-15
6873.449833386666 4.782154574954458e-15
6877.625883857151 5.117663394895016e-15
6881.801934327636 5.51107583436916e-15
6885.977984798122 5.564714368788524e-15
6890.154035268607 5.552457187911834e-15
6894.330085739092 5.443682677773883e-15
6898.506136209578 5.559864534698455e-15
6902.682186680063 5.705236111961028e-15
6906.858237150548 5.837428307717362e-15
6911.034287621033 5.813678478717442e-15
6915.210338091519 5.6941884091230484e-15
6919.386388562004 5.82240453608914e-15
6923.562439032489 5.960767538602014e-15
6927.738489502975 5.908615074516668e-15
6931.914539973461 5.907242112478651e-15
6936.090590443946 6.060237209587335e-15
6940.266640914431 6.046293787448274e-15
6944.4426913849165 5.954829067746713e-15
6948.618741855402 5.915204043205292e-15
6952.794792325887 6.029820136034128e-15
6956.970842796372 5.984586365692384e-15
6961.146893266858 6.1553263833648085e-15
6965.322943737343 6.062190797457721e-15
6969.498994207828 6.272322607641974e-15
6973.6750446783135 6.03400402954717e-15
6977.851095148799 5.938984303745268e-15
6982.027145619284 6.009541644172647e-15
6986.203196089769 6.076873849422174e-15
6990.379246560255 5.991875476479202e-15
6994.55529703074 5.9013287703407794e-15
6998.731347501225 5.8702910523356475e-15
7002.90739797171 5.859343897561762e-15
7007.083448442196 5.901686560371622e-15
7011.259498912681 5.920521545244886e-15
7015.435549383166 5.9627378599719725e-15
7019.611599853652 5.973213534482551e-15
7023.787650324137 6.0270885028331965e-15
7027.963700794622 6.050218725117083e-15
7032.139751265107 5.990792951319726e-15
7036.315801735593 6.0519898289645956e-15
7040.491852206078 6.14225320710731e-15
7044.667902676563 6.2286344462416185e-15
7048.8439531470485 6.2370786977212785e-15
7053.020003617534 6.1624773810714005e-15
7057.196054088019 6.036983143989833e-15
7061.372104558504 5.956223285877695e-15
7065.54815502899 5.974993395372616e-15
7069.724205499475 6.056003477035777e-15
7073.90025596996 6.298878724490001e-15
7078.0763064404455 6.298378173061382e-15
7082.252356910931 6.0316827584231614e-15
7086.428407381416 6.010788655740704e-15
7090.604457851901 6.2006018872366765e-15
7094.780508322387 6.241625210936434e-15
7098.956558792872 6.32745464081506e-15
7103.132609263357 6.381899017897686e-15
7107.308659733843 6.349895861095167e-15
7111.484710204329 6.200247081630695e-15
7115.660760674814 6.158641432349228e-15
7119.836811145299 6.063122486263954e-15
7124.0128616157845 6.12527027211196e-15
7128.18891208627 6.235476184565351e-15
7132.364962556755 6.307213926269827e-15
7136.54101302724 6.3630117245328655e-15
7140.717063497726 6.406590938610639e-15
7144.893113968211 6.310723594195038e-15
7149.069164438696 6.157188464904341e-15
7153.245214909181 6.351135940120366e-15
7157.421265379667 6.271440380216772e-15
7161.597315850152 6.254160603251874e-15
7165.773366320637 6.173954552672074e-15
7169.9494167911225 6.171850244547678e-15
7174.125467261608 6.121023286046756e-15
7178.301517732093 5.933802027797353e-15
7182.477568202578 5.798890445910319e-15
7186.653618673064 5.8798469452964895e-15
7190.829669143549 5.9321555409023004e-15
7195.005719614034 5.951776122816194e-15
7199.1817700845195 5.7425232273785516e-15
7203.357820555005 5.959069684517537e-15
7207.53387102549 6.095505246470129e-15
7211.709921495975 6.171797657162589e-15
7215.885971966461 6.0916515326452936e-15
7220.062022436946 5.872500835630704e-15
7224.238072907431 5.7945618438205635e-15
7228.414123377916 6.275298473270073e-15
7232.590173848402 6.3523121567294565e-15
7236.766224318887 6.106648127342297e-15
7240.942274789372 6.202990975153292e-15
7245.118325259858 6.1018104159592016e-15
7249.294375730343 6.227780509295785e-15
7253.470426200828 6.304321994773793e-15
7257.646476671313 6.17750950676825e-15
7261.822527141799 6.1204094921402574e-15
7265.998577612284 6.146643945082366e-15
7270.174628082769 6.1754908198227236e-15
7274.3506785532545 6.049958045033493e-15
7278.52672902374 6.107916152077981e-15
7282.702779494225 6.050519569943916e-15
7286.878829964711 5.849124413878055e-15
7291.0548804351965 5.904304725066049e-15
7295.230930905682 6.124236422504043e-15
7299.406981376167 6.173086208926142e-15
7303.583031846652 6.032113559207436e-15
7307.759082317138 5.7128957761064975e-15
7311.935132787623 6.014595789946075e-15
7316.111183258108 5.9971777558288985e-15
7320.2872337285935 6.045715296236387e-15
7324.463284199079 5.9793488578531646e-15
7328.639334669564 5.9583799914169445e-15
7332.815385140049 6.120405789130284e-15
7336.991435610535 6.25210962972374e-15
7341.16748608102 6.0682754112121646e-15
7345.343536551505 6.072562198711397e-15
7349.51958702199 5.7186744807691625e-15
7353.695637492476 5.981488870803911e-15
7357.871687962961 5.871181020642736e-15
7362.047738433446 5.9380763747205834e-15
7366.223788903932 5.994909889792681e-15
7370.399839374417 5.9354867733114136e-15
7374.575889844902 6.0379588146665534e-15
7378.751940315387 5.954826447488804e-15
7382.927990785873 5.88966464549967e-15
7387.104041256358 5.789390521413759e-15
7391.280091726843 5.71890267454594e-15
7395.4561421973285 5.85601599449908e-15
7399.632192667814 5.900530555960073e-15
7403.808243138299 5.7912832617237304e-15
7407.984293608784 5.629335860296539e-15
7412.16034407927 5.498562718914176e-15
7416.336394549755 5.346886415301066e-15
7420.51244502024 5.55727760853381e-15
7424.6884954907255 5.6474532457036624e-15
7428.864545961211 5.7275341104033464e-15
7433.040596431696 5.854256812528143e-15
7437.216646902181 5.768986100756249e-15
7441.392697372667 5.679834574539857e-15
7445.568747843152 5.66284640968213e-15
7449.744798313637 5.706051054349784e-15
7453.920848784122 5.868882477253692e-15
7458.096899254608 5.648425176553808e-15
7462.272949725094 5.7631156604008735e-15
7466.449000195579 5.828731840802544e-15
7470.625050666064 5.759384051801711e-15
7474.80110113655 5.787412039685135e-15
7478.977151607035 5.83042863753407e-15
7483.15320207752 5.8279953555737765e-15
7487.329252548006 5.8068350373004395e-15
7491.505303018491 5.910961506999846e-15
7495.681353488976 6.043444072884459e-15
7499.857403959461 5.854660234800488e-15
7504.033454429947 5.788669919790595e-15
7508.209504900432 5.920869180598854e-15
7512.385555370917 5.855182903191875e-15
7516.5616058414025 5.803478999358351e-15
7520.737656311888 5.874178173363621e-15
7524.913706782373 5.848858216847564e-15
7529.089757252858 5.822875911069802e-15
7533.265807723344 6.046970620102949e-15
7537.441858193829 6.157281514454075e-15
7541.617908664314 6.097254563983896e-15
7545.7939591347995 6.015127524793734e-15
7549.970009605285 6.123647632113459e-15
7554.14606007577 6.128286120498098e-15
7558.322110546255 6.045799456303614e-15
7562.498161016741 6.122602188778472e-15
7566.674211487226 6.179596147760869e-15
7570.850261957711 6.297968271915576e-15
7575.026312428196 6.450855330964461e-15
7579.202362898682 6.3063651092797306e-15
7583.378413369167 6.384369775447106e-15
7587.554463839652 6.110083031788114e-15
7591.730514310138 5.064921852229863e-15
7595.906564780623 3.4263652078097535e-15
7600.082615251108 2.1237081298870835e-15
7604.258665721593 1.7597372524267426e-15
7608.434716192079 2.2323521158638868e-15
7612.610766662564 3.3847108049884337e-15
7616.786817133049 4.296379618615796e-15
7620.9628676035345 4.1230421183626084e-15
7625.13891807402 3.696779287999615e-15
7629.314968544505 3.5321629116205168e-15
7633.49101901499 3.695363911361697e-15
7637.667069485476 3.958943199079506e-15
7641.843119955962 4.199518220107462e-15
7646.019170426447 4.3005857091738275e-15
7650.195220896932 4.7448547429286695e-15
7654.371271367418 4.9173761147808325e-15
7658.547321837903 4.8254755600540895e-15
7662.723372308388 4.9981354790759966e-15
7666.8994227788735 5.381716706628945e-15
7671.075473249359 5.715150882079345e-15
7675.251523719844 5.758714938630485e-15
7679.427574190329 5.8821803345776e-15
7683.603624660815 5.703247803198922e-15
7687.7796751313 5.663473567736338e-15
7691.955725601785 5.62607634522008e-15
7696.13177607227 5.440595327441628e-15
7700.307826542756 5.5492245237278875e-15
7704.483877013241 5.601989595801399e-15
7708.659927483726 5.421988215345126e-15
7712.835977954212 5.393597298979384e-15
7717.012028424697 5.404682419380083e-15
7721.188078895182 5.590033169471568e-15
7725.364129365667 5.613096303963538e-15
7729.540179836153 5.578645632630006e-15
7733.716230306638 5.580821670804151e-15
7737.892280777123 5.601676426345038e-15
7742.0683312476085 5.52342768690598e-15
7746.244381718094 5.3217741930638684e-15
7750.420432188579 5.315164192690183e-15
7754.596482659064 5.468742343955599e-15
7758.77253312955 5.67257474653692e-15
7762.948583600035 5.6010584136578934e-15
7767.12463407052 5.548501698740947e-15
7771.3006845410055 5.401444636552199e-15
7775.476735011491 5.483311876734968e-15
7779.652785481976 5.575882132079902e-15
7783.828835952461 5.5974621363003895e-15
7788.004886422947 5.6245451097256866e-15
7792.180936893432 5.558198048901073e-15
7796.356987363917 5.4424593670545115e-15
7800.533037834402 5.493223662263091e-15
7804.709088304888 5.458595777022231e-15
7808.885138775373 5.50712203694176e-15
7813.061189245858 5.523289939831174e-15
7817.237239716344 5.651653564060138e-15
7821.41329018683 5.808988218450579e-15
7825.589340657315 5.5521304410106236e-15
7829.7653911278 5.374380714224683e-15
7833.941441598286 5.578378394492649e-15
7838.117492068771 5.708528806473536e-15
7842.293542539256 5.556867294170513e-15
7846.469593009741 5.67162617552178e-15
7850.645643480227 5.696318286636386e-15
7854.821693950712 5.675269680158513e-15
7858.997744421197 5.6826815336647385e-15
7863.1737948916825 5.814387437051791e-15
7867.349845362168 5.868234122823764e-15
7871.525895832653 5.661992403496165e-15
7875.701946303138 5.500502384903773e-15
7879.877996773624 5.513738818106217e-15
7884.054047244109 5.74595044764014e-15
7888.230097714594 5.883503114327753e-15
7892.4061481850795 5.7960612703136364e-15
7896.582198655565 5.737521468555864e-15
7900.75824912605 5.8888735976720525e-15
7904.934299596535 5.7696201964306695e-15
7909.110350067021 5.561135844470799e-15
7913.286400537506 5.4693512155274886e-15
7917.462451007991 5.5023273220041675e-15
7921.638501478476 5.500315982377129e-15
7925.814551948962 5.457657822414868e-15
7929.990602419447 5.380634958608841e-15
7934.166652889932 5.406368693913037e-15
7938.3427033604175 5.544498977320877e-15
7942.518753830903 5.624961165603993e-15
7946.694804301388 5.581521263530075e-15
7950.870854771873 5.617656478295106e-15
7955.046905242359 5.888497791209025e-15
7959.222955712844 5.8585638092360896e-15
7963.399006183329 5.778450128880652e-15
7967.5750566538145 5.7644199316822876e-15
7971.7511071243 5.674324660357663e-15
7975.927157594785 5.709676028428059e-15
7980.10320806527 5.906483038875277e-15
7984.279258535756 5.8354166463417525e-15
7988.455309006241 5.70448218300895e-15
7992.631359476726 5.551547390244326e-15
7996.807409947212 5.624786476001966e-15
8000.983460417698 5.731788290559618e-15
8005.159510888183 5.7702042999591305e-15
8009.335561358668 5.690494765668286e-15
8013.5116118291535 5.741285994068563e-15
8017.687662299639 5.820881873398725e-15
8021.863712770124 5.7587663894165326e-15
8026.039763240609 5.4953286118260075e-15
8030.215813711095 5.6656139611599484e-15
8034.39186418158 5.65162298287886e-15
8038.567914652065 5.603866521144425e-15
8042.74396512255 5.504543273331224e-15
8046.920015593036 5.4967512410039515e-15
8051.096066063521 5.7690858178812584e-15
8055.272116534006 5.859048879873125e-15
8059.448167004492 5.875073062797627e-15
8063.624217474977 5.6956684595888875e-15
8067.800267945462 5.6374362935154965e-15
8071.976318415947 5.5949903343832715e-15
8076.152368886433 5.639136460641592e-15
8080.328419356918 5.5982701442979865e-15
8084.504469827403 5.518751688895646e-15
8088.6805202978885 5.632267724863986e-15
8092.856570768374 5.6174298206580176e-15
8097.032621238859 5.508963616363077e-15
8101.208671709344 5.645038662563511e-15
8105.38472217983 5.686830169512762e-15
8109.560772650315 5.693594372423757e-15
8113.7368231208 5.780615311830728e-15
8117.9128735912855 5.850615743762288e-15
8122.088924061771 5.8346772466703925e-15
8126.264974532256 5.771985653842584e-15
8130.441025002741 5.757704681150388e-15
8134.617075473227 5.661978017282759e-15
8138.793125943712 5.645334685526715e-15
8142.969176414197 5.75926306024656e-15
8147.145226884682 5.593853622505328e-15
8151.321277355168 5.510896973792987e-15
8155.497327825653 5.461684762916206e-15
8159.673378296138 5.358168187752828e-15
8163.8494287666235 5.313217165029902e-15
8168.025479237109 5.394185004551502e-15
8172.201529707594 5.492391894996663e-15
8176.37758017808 5.363661706820932e-15
8180.553630648566 5.1532916276028334e-15
8184.729681119051 5.275808097962207e-15
8188.905731589536 5.2374221283090816e-15
8193.08178206002 5.1654508541541504e-15
8197.257832530508 5.296729953953059e-15
8201.433883000991 5.584248685873429e-15
8205.609933471478 5.6449326859318746e-15
8209.785983941962 5.242066262934013e-15
8213.962034412449 5.49792166401534e-15
8218.138084882932 5.48143349835233e-15
8222.31413535342 5.430012778670496e-15
8226.490185823903 5.293834059941377e-15
8230.66623629439 5.370293668478867e-15
8234.842286764873 5.542071598691014e-15
8239.01833723536 5.567019685910686e-15
8243.194387705844 5.555360176079887e-15
8247.370438176331 5.728828279980402e-15
8251.546488646814 5.865401767878603e-15
8255.722539117301 5.618347974834062e-15
8259.898589587785 5.5942266565669404e-15
8264.074640058272 5.7706318080999395e-15
8268.250690528756 5.8247054387766416e-15
8272.426740999243 5.759813579602842e-15
8276.602791469726 5.720547256097628e-15
8280.778841940213 5.5846680474259315e-15
8284.954892410697 5.756979223295553e-15
8289.130942881184 5.625329443259588e-15
8293.306993351667 5.637149741725749e-15
8297.483043822154 5.626338776296052e-15
8301.659094292638 5.608574923305027e-15
8305.835144763125 5.597084770454199e-15
8310.011195233608 5.659224669400117e-15
8314.187245704095 5.549934355596148e-15
8318.363296174579 5.3539069462534755e-15
8322.539346645066 5.361175404932606e-15
8326.71539711555 5.4050755735292776e-15
8330.891447586037 5.374990244663177e-15
8335.06749805652 5.4341100906525815e-15
8339.243548527007 5.511051870087903e-15
8343.41959899749 5.567275480726502e-15
8347.595649467978 5.6813159535083505e-15
8351.771699938461 5.745202174234806e-15
8355.947750408948 5.634201335362719e-15
8360.123800879433 5.651268343267931e-15
8364.299851349919 5.676130524788922e-15
8368.475901820404 5.72277514801986e-15
8372.65195229089 5.597802255851313e-15
8376.828002761375 5.645716464065124e-15
8381.00405323186 5.5586902381395555e-15
8385.180103702345 5.463698507115476e-15
8389.35615417283 5.57138444691722e-15
8393.532204643316 5.630677981568574e-15
8397.708255113801 5.635236408515032e-15
8401.884305584286 5.6916087017962564e-15
8406.060356054772 5.602201454798063e-15
8410.236406525257 5.3948740482664136e-15
8414.412456995742 5.576193887955281e-15
8418.588507466227 5.713592806165098e-15
8422.764557936713 5.718109914412094e-15
8426.940608407198 5.7252231228627184e-15
8431.116658877683 5.6538595782610106e-15
8435.292709348169 5.487269924351302e-15
8439.468759818654 5.781875397455931e-15
8443.644810289139 6.000442509383578e-15
8447.820860759624 6.038358549589472e-15
8451.99691123011 5.912739768964919e-15
8456.172961700595 5.950847022313657e-15
8460.34901217108 5.585129966596108e-15
8464.525062641565 5.445304495581592e-15
8468.70111311205 5.695406185269716e-15
8472.877163582536 5.925137915460901e-15
8477.053214053021 5.7816543911500775e-15
8481.229264523507 5.778597092247048e-15
8485.405314993992 6.016000751293415e-15
8489.581365464477 5.472115452818103e-15
8493.757415934962 4.722496852867045e-15
8497.933466405448 4.653433537892335e-15
8502.109516875933 5.2074048927639454e-15
8506.285567346418 5.695502030099023e-15
8510.461617816904 5.611419688995276e-15
8514.637668287389 5.717727110301168e-15
8518.813718757874 5.595750636773795e-15
8522.98976922836 5.5481197214584626e-15
8527.165819698845 5.265645904476428e-15
8531.34187016933 4.715262672209597e-15
8535.517920639817 3.805116952407385e-15
8539.6939711103 3.4568001725706615e-15
8543.870021580788 3.975768703207261e-15
8548.046072051271 4.680062927069754e-15
8552.222122521758 5.1997660553230594e-15
8556.398172992242 5.386718381767723e-15
8560.574223462729 5.551553581729511e-15
8564.750273933212 5.649995487875767e-15
8568.9263244037 5.772343578682456e-15
8573.102374874183 5.816990850938286e-15
8577.27842534467 5.836012428793241e-15
8581.454475815153 5.782062712107818e-15
8585.63052628564 5.7463226319382874e-15
8589.806576756124 5.534025529764111e-15
8593.982627226611 5.3950096888006444e-15
8598.158677697094 5.664069075153109e-15
8602.334728167581 5.933330437058971e-15
8606.510778638065 5.8029019348551716e-15
8610.686829108552 5.547203636431694e-15
8614.862879579036 5.5214770494368445e-15
8619.038930049523 5.534476912452194e-15
8623.214980520006 5.5203903390308415e-15
8627.391030990493 5.662684964011978e-15
8631.567081460977 5.936921791956201e-15
8635.743131931464 5.541197239766391e-15
8639.919182401947 5.519228149756095e-15
8644.095232872434 5.387170253951037e-15
8648.271283342918 5.132334287814435e-15
8652.447333813405 4.617711520199853e-15
8656.623384283888 4.029748626393391e-15
8660.799434754375 3.92030992317826e-15
8664.975485224859 4.615455911275257e-15
8669.151535695346 5.33509313519072e-15
8673.32758616583 5.344205365903016e-15
8677.503636636317 5.33610796873128e-15
8681.6796871068 5.444132739249745e-15
8685.855737577287 5.5342308405884286e-15
8690.03178804777 5.701308303505513e-15
8694.207838518258 5.778734208003966e-15
8698.383888988741 5.801035286916755e-15
8702.559939459228 5.816089517566977e-15
8706.735989929712 5.771956243479718e-15
8710.912040400199 5.785608152108479e-15
8715.088090870684 5.9134148406324194e-15
8719.26414134117 6.03260928787082e-15
8723.440191811655 5.8749303375525284e-15
8727.61624228214 5.910478283737032e-15
8731.792292752625 6.018911342407179e-15
8735.96834322311 5.9440323763479314e-15
8740.144393693596 5.746737336244471e-15
8744.320444164081 5.71853816632041e-15
8748.496494634566 5.52785399221766e-15
8752.672545105052 5.823354042012053e-15
8756.848595575537 6.073007195364409e-15
8761.024646046022 6.091037653794033e-15
8765.200696516507 5.937103909974424e-15
8769.376746986993 5.9329457874424525e-15
8773.552797457478 5.898313463206248e-15
8777.728847927963 5.956040237031702e-15
8781.904898398448 5.996407551446762e-15
8786.080948868934 5.9899300304680516e-15
8790.256999339419 5.947018417023633e-15
8794.433049809904 5.66366160252005e-15
8798.60910028039 5.777442552252984e-15
8802.785150750875 5.556950382080458e-15
8806.96120122136 5.725427887922894e-15
8811.137251691845 5.851950317617959e-15
8815.31330216233 5.917026660069134e-15
8819.489352632816 5.9708931610623816e-15
8823.665403103301 6.561436471413689e-15
8827.841453573787 6.411151549716158e-15
8832.017504044272 5.953899864996463e-15
8836.193554514757 6.027104207068505e-15
8840.369604985242 6.0082678851441364e-15
8844.545655455728 6.0004244305456975e-15
8848.721705926213 6.03651559146829e-15
8852.897756396698 6.069325242875223e-15
8857.073806867184 5.8022306077823474e-15
8861.249857337669 5.362054018557024e-15
8865.425907808154 5.507067037658244e-15
8869.60195827864 5.740425249006598e-15
8873.778008749125 5.709857456010264e-15
8877.95405921961 6.008901273320684e-15
8882.130109690095 5.953425663498462e-15
8886.30616016058 6.0027703247607474e-15
8890.482210631068 6.197432279069775e-15
8894.658261101551 5.972764565612109e-15
8898.834311572038 5.931611681214594e-15
8903.010362042522 6.222568396442303e-15
8907.186412513009 6.109366048370624e-15
8911.362462983492 5.6787638304968066e-15
8915.53851345398 5.905385808904774e-15
8919.714563924463 5.67190874174777e-15
8923.89061439495 5.8480119578838954e-15
8928.066664865433 5.842609147223037e-15
8932.24271533592 5.936648031193322e-15
8936.418765806404 5.926350772381078e-15
8940.594816276891 5.819755650869179e-15
8944.770866747374 5.758125579274413e-15
8948.946917217861 5.8341401349306265e-15
8953.122967688345 6.200657381367629e-15
8957.299018158832 6.025136146077331e-15
8961.475068629316 5.553954955108261e-15
8965.651119099803 5.769511956515058e-15
8969.827169570286 5.738574360643136e-15
8974.003220040773 5.669785571163975e-15
8978.179270511257 5.8247552967435574e-15
8982.355320981744 5.727745065688472e-15
8986.531371452227 5.303283618321233e-15
8990.707421922714 5.4696716994704054e-15
8994.883472393198 5.494281342380711e-15
8999.059522863685 5.50279296072447e-15
9003.235573334168 5.375969042245254e-15
9007.411623804655 5.315114415526298e-15
9011.587674275139 5.35359246224977e-15
9015.763724745626 5.424791536049773e-15
9019.93977521611 5.4373154472447485e-15
9024.115825686597 5.444010815943099e-15
9028.29187615708 5.7896820421111695e-15
9032.467926627567 5.971931400702153e-15
9036.64397709805 6.221670693958365e-15
9040.820027568538 5.870907112573901e-15
9044.996078039021 5.974778528909138e-15
9049.172128509508 5.802960803069587e-15
9053.348178979992 5.785571820462275e-15
9057.524229450479 5.78322677707406e-15
9061.700279920962 5.756548586378053e-15
9065.87633039145 5.796386129011479e-15
9070.052380861935 5.561539626030409e-15
9074.22843133242 5.670958437654446e-15
9078.404481802905 5.58280367570464e-15
9082.58053227339 5.392993694076285e-15
9086.756582743876 5.544811330500068e-15
9090.932633214361 5.695184637727462e-15
9095.108683684846 5.6679945271678095e-15
9099.284734155332 5.585662691423786e-15
9103.460784625817 5.62927934587181e-15
9107.636835096302 5.819604211247293e-15
9111.812885566787 5.9775244557272605e-15
9115.988936037273 5.932016703994691e-15
9120.164986507758 5.72655085850786e-15
9124.341036978243 5.606773600293968e-15
9128.517087448728 5.44592668428722e-15
9132.693137919214 5.502231040803645e-15
9136.869188389699 5.715778975163259e-15
9141.045238860184 5.8854418650965874e-15
9145.22128933067 5.864018516150786e-15
9149.397339801155 5.777493725169097e-15
9153.57339027164 5.974589745376535e-15
9157.749440742125 5.7953924895220205e-15
9161.92549121261 5.842818186440933e-15
9166.101541683096 5.629514254459612e-15
9170.277592153581 5.557003317849717e-15
9174.453642624067 5.411247008347245e-15
9178.629693094552 5.545192230166863e-15
9182.805743565037 5.7811448618944e-15
9186.981794035522 5.73742713277585e-15
9191.157844506008 5.6588406451997555e-15
9195.333894976493 5.879373321803212e-15
9199.509945446978 5.884360272266131e-15
