wavelength flux
3804.05273757997 -8.386461027041032e-15
3808.2287880504555 7.907838015980442e-15
3812.4048385209408 3.4396357598023146e-15
3816.580888991426 -2.966405103809534e-15
3820.7569394619113 -4.9864252047047634e-15
3824.9329899323966 -5.598412597964014e-15
3829.109040402882 2.0376811359993822e-16
3833.285090873367 -7.582127067591075e-16
3837.4611413438524 -1.5133557508860578e-15
3841.6371918143377 1.643120501298551e-15
3845.813242284823 2.0455869686419242e-15
3849.9892927553083 4.014752431627392e-15
3854.1653432257935 8.586470282452609e-15
3858.341393696279 9.146230701598667e-16
3862.517444166764 3.529145955482416e-15
3866.6934946372494 -1.9741276956988314e-15
3870.8695451077347 1.4686239184965626e-16
3875.0455955782204 1.675860897586271e-15
3879.2216460487057 2.8873993160709837e-15
3883.397696519191 3.9596833884447044e-16
3887.5737469896762 -2.486800906500014e-15
3891.7497974601615 2.0295880849105867e-16
3895.925847930647 -3.4873968161803564e-15
3900.101898401132 -3.44054539232838e-16
3904.2779488716174 3.555619773675786e-15
3908.4539993421026 5.06184210769022e-15
3912.630049812588 1.799268426665422e-15
3916.806100283073 -1.3892039251427137e-15
3920.982150753559 1.8320079409151725e-15
3925.158201224044 6.2780592001284126e-15
3929.3342516945295 3.3665517895553352e-15
3933.5103021650148 3.511797753750614e-15
3937.6863526355 4.218384314856863e-15
3941.8624031059853 4.6652718401527186e-15
3946.0384535764706 -2.498042454574227e-16
3950.214504046956 -6.194319878568038e-16
3954.390554517441 2.844094972082074e-15
3958.5666049879264 2.149402508030647e-15
3962.7426554584117 2.216037077210304e-15
3966.918705928897 2.400765297014649e-15
3971.0947563993823 -1.5133846151061688e-15
3975.2708068698676 8.686731260389787e-16
3979.446857340353 3.69359635875197e-15
3983.622907810838 4.5564956054703344e-15
3987.7989582813234 1.230184003066147e-15
3991.9750087518087 2.2259524896622904e-15
3996.151059222294 2.5477451246097207e-15
4000.3271096927792 3.5252181559204686e-15
4004.5031601632645 3.591994436653631e-15
4008.67921063375 1.8977208035131923e-15
4012.855261104235 1.9605957213869357e-15
4017.0313115747203 8.93974122859643e-16
4021.2073620452056 2.526503409522633e-15
4025.383412515691 3.3682153878038674e-15
4029.559462986176 1.5661651683694048e-15
4033.7355134566615 2.333224447219265e-15
4037.9115639271467 3.1362893502155997e-15
4042.087614397632 3.940121526887262e-15
4046.2636648681173 2.684693128699401e-15
4050.4397153386026 3.5172614712062524e-15
4054.6157658090883 4.237245725676737e-15
4058.7918162795736 4.855574052203278e-15
4062.967866750059 2.7894027059437583e-15
4067.143917220544 1.5845217342716548e-15
4071.3199676910294 4.550384686157842e-15
4075.4960181615147 2.622664390490487e-15
4079.672068632 2.2444907409848173e-15
4083.8481191024853 2.8332500836594662e-15
4088.0241695729705 2.2678515693830868e-15
4092.200220043456 4.1263373369752095e-15
4096.376270513942 2.1700994142171802e-15
4100.552320984427 2.404755586918284e-15
4104.728371454912 2.153042717259902e-15
4108.904421925397 2.809326824514929e-15
4113.080472395883 3.17098151770244e-15
4117.256522866368 1.876474901457998e-15
4121.432573336853 1.829017606427434e-15
4125.6086238073385 3.2196268146230057e-15
4129.784674277824 3.620881033128062e-15
4133.960724748309 3.552411030968656e-15
4138.136775218794 3.628814621305371e-15
4142.31282568928 4.160013423082816e-15
4146.488876159765 3.650739338366129e-15
4150.66492663025 2.758618257272106e-15
4154.8409771007355 2.5411000668151194e-15
4159.017027571221 2.6360305383066677e-15
4163.193078041706 3.314611194662799e-15
4167.369128512191 1.3444115334632473e-15
4171.545178982677 2.6388200947152e-15
4175.721229453162 4.126327500178117e-15
4179.897279923647 2.5015998983333e-15
4184.073330394132 3.284500122545817e-15
4188.249380864618 2.8084708902724204e-15
4192.425431335103 4.3171347792024694e-15
4196.601481805588 2.1608516494001787e-15
4200.7775322760735 2.633160813109286e-15
4204.953582746559 3.0372498308429206e-15
4209.129633217044 3.795804322082876e-15
4213.305683687529 2.8432841613941337e-15
4217.481734158015 2.945904353619671e-15
4221.6577846285 2.8000461514038183e-15
4225.833835098985 3.834877815732694e-15
4230.0098855694705 4.015948370646669e-15
4234.185936039956 3.1998890726404403e-15
4238.361986510441 2.2430984820586765e-15
4242.538036980926 2.3365774787672745e-15
4246.714087451412 2.6469242892617323e-15
4250.890137921897 2.6119183025322135e-15
4255.066188392382 2.3445333621721116e-15
4259.242238862867 3.482499641100262e-15
4263.418289333353 4.326661892164073e-15
4267.594339803838 3.4881875107309345e-15
4271.770390274323 3.619431005639556e-15
4275.946440744809 3.508823110182259e-15
4280.122491215294 2.5059198232379793e-15
4284.298541685779 2.7654184400898786e-15
4288.474592156264 3.7359738310441e-15
4292.65064262675 4.210739119569776e-15
4296.826693097235 4.7007669483369e-15
4301.002743567721 3.437647451551179e-15
4305.178794038206 3.4048496992324223e-15
4309.354844508692 3.996896981943791e-15
4313.530894979177 3.868701746893452e-15
4317.706945449662 2.622468289081714e-15
4321.882995920148 3.3543632430787203e-15
4326.059046390633 2.7034648866229763e-15
4330.235096861118 2.7508918779852186e-15
4334.411147331603 3.3736116047805493e-15
4338.587197802089 2.600783158405522e-15
4342.763248272574 2.6405860696776372e-15
4346.939298743059 3.4450562044590074e-15
4351.1153492135445 3.4525042627265463e-15
4355.29139968403 3.4693107274668306e-15
4359.467450154515 4.132767712277876e-15
4363.643500625 3.684795884453827e-15
4367.819551095486 3.5578561869074646e-15
4371.995601565971 3.1788812544603042e-15
4376.171652036456 3.81994721173636e-15
4380.3477025069415 4.330363132654773e-15
4384.523752977427 3.703990711594283e-15
4388.699803447913 3.1162164898912766e-15
4392.875853918398 3.2716272763160436e-15
4397.0519043888835 3.3644457957322862e-15
4401.227954859369 3.3235742910896083e-15
4405.404005329854 4.024526785906572e-15
4409.580055800339 3.56651204431656e-15
4413.756106270825 3.3351268908048377e-15
4417.93215674131 4.484405458638839e-15
4422.108207211795 4.7777290136865196e-15
4426.28425768228 2.6305522521575363e-15
4430.460308152766 3.746156927880576e-15
4434.636358623251 3.80474617524973e-15
4438.812409093736 3.360264174577172e-15
4442.988459564222 3.566631409608978e-15
4447.164510034707 3.477763284053284e-15
4451.340560505192 3.783784054715675e-15
4455.516610975677 3.769061738362173e-15
4459.692661446163 4.1395744644010245e-15
4463.868711916648 3.508075660069774e-15
4468.044762387133 4.115586781820859e-15
4472.2208128576185 4.3305059742477235e-15
4476.396863328104 3.804219819235841e-15
4480.572913798589 3.842039135632519e-15
4484.748964269074 3.876598603519074e-15
4488.92501473956 4.20873749210928e-15
4493.101065210045 3.593516191159366e-15
4497.27711568053 3.631939950607296e-15
4501.4531661510155 3.7735257267869044e-15
4505.629216621501 4.3203008873912435e-15
4509.805267091986 3.4567508425274467e-15
4513.981317562471 4.0356097439582e-15
4518.157368032957 3.557933915336185e-15
4522.333418503442 3.657153548919385e-15
4526.509468973927 3.732627259016787e-15
4530.685519444412 4.415379981282819e-15
4534.861569914898 4.90753903049722e-15
4539.037620385383 4.2346817136600836e-15
4543.213670855868 3.840674280754805e-15
4547.3897213263535 4.401084436706001e-15
4551.565771796839 4.229864194709886e-15
4555.741822267324 4.6019234833532006e-15
4559.917872737809 4.475870151747976e-15
4564.093923208295 4.262140421143755e-15
4568.26997367878 3.648077452946332e-15
4572.446024149265 3.8183194629419386e-15
4576.6220746197505 4.05754550571189e-15
4580.798125090236 4.308252354172216e-15
4584.974175560721 4.805441388216294e-15
4589.150226031206 4.504829837888332e-15
4593.326276501692 4.345451505916887e-15
4597.502326972177 4.484290834896097e-15
4601.678377442662 4.3163197037970005e-15
4605.854427913147 4.417117874092687e-15
4610.030478383633 4.4875657125079265e-15
4614.206528854118 4.5731290084301364e-15
4618.382579324603 4.5376632148011e-15
4622.558629795089 4.423418980928139e-15
4626.734680265574 4.493454999200267e-15
4630.910730736059 4.833419178978035e-15
4635.086781206544 4.2708396755690344e-15
4639.26283167703 4.3152603106680135e-15
4643.438882147515 4.783017141520341e-15
4647.614932618 3.998942303322041e-15
4651.7909830884855 4.09941052565036e-15
4655.967033558972 4.493923450646987e-15
4660.143084029457 4.173715391012128e-15
4664.319134499942 4.471110497996624e-15
4668.4951849704275 4.457509723407375e-15
4672.671235440913 4.72080621438696e-15
4676.847285911398 4.1899007808395905e-15
4681.023336381883 4.617104498632607e-15
4685.199386852369 4.15487698228437e-15
4689.375437322854 4.459953798172335e-15
4693.551487793339 4.7331785048991556e-15
4697.7275382638245 4.774305951732047e-15
4701.90358873431 4.573416199088769e-15
4706.079639204795 4.122455319279187e-15
4710.25568967528 5.074413111419088e-15
4714.431740145766 5.295246856076482e-15
4718.607790616251 4.344976869159537e-15
4722.783841086736 4.4597001648166524e-15
4726.959891557221 4.3308447631472654e-15
4731.135942027707 4.4145464933434045e-15
4735.311992498192 4.3202555468730695e-15
4739.488042968677 4.668946648493491e-15
4743.664093439163 4.554518990403007e-15
4747.840143909649 4.253276397980529e-15
4752.016194380134 4.328747362446045e-15
4756.192244850619 4.768852040106787e-15
4760.368295321105 4.791752691118044e-15
4764.54434579159 4.633244568578037e-15
4768.720396262075 4.7514588124759854e-15
4772.89644673256 5.030101318821502e-15
4777.072497203046 4.81949184875054e-15
4781.248547673531 4.534190426294104e-15
4785.424598144016 4.684719968961495e-15
4789.600648614502 4.9313940338166636e-15
4793.776699084987 4.789143153462245e-15
4797.952749555472 4.728046412802448e-15
4802.128800025957 4.599780323771027e-15
4806.304850496443 4.588709961898438e-15
4810.480900966928 4.7696642990004686e-15
4814.656951437413 4.880662571886443e-15
4818.8330019078985 5.154018062192279e-15
4823.009052378384 4.854006225458718e-15
4827.185102848869 5.219283887812651e-15
4831.361153319354 5.078218863783691e-15
4835.53720378984 5.165173096963117e-15
4839.713254260325 4.624315150966795e-15
4843.88930473081 4.736720512610785e-15
4848.0653552012955 4.869730234550144e-15
4852.241405671781 5.427840648506385e-15
4856.417456142266 4.59848454166542e-15
4860.593506612751 5.040305918000638e-15
4864.769557083237 5.133845594453781e-15
4868.945607553722 4.91181987202613e-15
4873.121658024207 4.635511014249608e-15
4877.297708494692 4.347304405848137e-15
4881.473758965178 4.350836861071615e-15
4885.649809435663 4.89658015317845e-15
4889.825859906148 4.9817657760478775e-15
4894.0019103766335 5.016900217989812e-15
4898.177960847119 5.0662031950478574e-15
4902.354011317604 5.034881776236137e-15
4906.530061788089 4.9409539135764295e-15
4910.706112258575 4.949038011103084e-15
4914.88216272906 4.989675974577045e-15
4919.058213199545 5.0685001187811746e-15
4923.2342636700305 5.559404499491607e-15
4927.410314140516 5.58972845867359e-15
4931.586364611001 5.593960392353957e-15
4935.762415081486 5.140302205058311e-15
4939.938465551972 5.2410670802103335e-15
4944.114516022457 5.0828391035781316e-15
4948.290566492942 4.934072237357903e-15
4952.466616963427 5.6441657049939916e-15
4956.642667433913 5.540423747288629e-15
4960.818717904398 5.852623019792826e-15
4964.994768374883 5.956175955844863e-15
4969.170818845369 5.2185448711818325e-15
4973.346869315854 5.526360109662749e-15
4977.522919786339 5.3877554863286846e-15
4981.698970256824 5.746561344649587e-15
4985.87502072731 5.762145133415557e-15
4990.051071197795 5.742430378262054e-15
4994.22712166828 5.68301955668086e-15
4998.4031721387655 5.929294454537926e-15
5002.579222609251 5.490454794145971e-15
5006.755273079736 5.20691548048965e-15
5010.931323550222 5.453787045454222e-15
5015.1073740207075 5.7068049300854615e-15
5019.283424491193 5.8619066914878205e-15
5023.459474961678 5.99128450788023e-15
5027.635525432163 5.311504994539463e-15
5031.811575902649 5.984423319150962e-15
5035.987626373134 5.3425035970445725e-15
5040.163676843619 6.087356136250675e-15
5044.3397273141045 5.5371542294703885e-15
5048.51577778459 5.603029669866057e-15
5052.691828255075 5.982047443875007e-15
5056.86787872556 5.795156017914789e-15
5061.043929196046 5.803302742722076e-15
5065.219979666531 5.281361579913157e-15
5069.396030137016 5.72496852718307e-15
5073.572080607501 5.791582029785457e-15
5077.748131077987 5.654816539779392e-15
5081.924181548472 6.0262363453526285e-15
5086.100232018957 6.065442136923774e-15
5090.276282489443 5.94934725571796e-15
5094.452332959928 5.737213852193209e-15
5098.628383430413 5.8821529253131445e-15
5102.804433900899 5.552915061582054e-15
5106.980484371385 5.881773756269718e-15
5111.15653484187 5.877625216795679e-15
5115.332585312355 6.014669709762974e-15
5119.50863578284 6.102012993714198e-15
5123.684686253326 5.935618511034442e-15
5127.860736723811 6.2756017917220085e-15
5132.036787194296 6.014218143673642e-15
5136.212837664782 6.3560969694580524e-15
5140.388888135267 6.087280124759552e-15
5144.564938605752 5.83483895956511e-15
5148.740989076237 6.083455306679189e-15
5152.917039546723 6.040205068005473e-15
5157.093090017208 6.7898271997574496e-15
5161.269140487693 6.846023444282236e-15
5165.4451909581785 6.5735035249356615e-15
5169.621241428664 6.475292297984181e-15
5173.797291899149 6.6914813196688245e-15
5177.973342369634 6.566443091901153e-15
5182.14939284012 6.5604528161880125e-15
5186.325443310605 6.7397902580226355e-15
5190.50149378109 6.211372576517154e-15
5194.6775442515755 6.4731559797201386e-15
5198.853594722061 7.095526734323227e-15
5203.029645192546 6.5122451867504336e-15
5207.205695663031 6.726982989874782e-15
5211.381746133517 6.9082083976230625e-15
5215.557796604002 6.438568556723277e-15
5219.733847074487 6.591335609778556e-15
5223.909897544972 6.964426510101239e-15
5228.085948015458 6.9050047076939686e-15
5232.261998485943 6.5499846147820535e-15
5236.438048956428 6.6292114817458486e-15
5240.6140994269135 6.8645682898109784e-15
5244.790149897399 6.810361807065595e-15
5248.966200367884 7.332075948603075e-15
5253.142250838369 7.519444943198976e-15
5257.318301308855 6.999843021606802e-15
5261.49435177934 6.616070558364096e-15
5265.670402249825 6.6398370779854496e-15
5269.8464527203105 7.356732015896912e-15
5274.022503190796 6.9927334754140255e-15
5278.198553661281 7.28409435352284e-15
5282.374604131766 6.7324168936288016e-15
5286.550654602252 6.63900661800435e-15
5290.726705072737 6.743306198513906e-15
5294.902755543222 6.543083563554023e-15
5299.078806013707 6.802909088447553e-15
5303.254856484193 7.182306469529386e-15
5307.430906954678 7.175436254690965e-15
5311.606957425163 7.38553307186322e-15
5315.783007895649 7.252554784980962e-15
5319.959058366134 7.016778471836338e-15
5324.135108836619 7.137556512513271e-15
5328.311159307104 7.2177151624443e-15
5332.48720977759 6.715120131090457e-15
5336.663260248075 6.825147613822684e-15
5340.83931071856 7.071744345123995e-15
5345.0153611890455 7.014785310667874e-15
5349.191411659531 6.974678971848258e-15
5353.367462130016 7.0796321776331844e-15
5357.543512600501 6.983114017854949e-15
5361.719563070987 7.113521164616981e-15
5365.895613541472 7.181487132136715e-15
5370.071664011958 6.998842818825386e-15
5374.247714482443 6.8123383476142165e-15
5378.423764952929 6.740723182428906e-15
5382.599815423414 7.475866616258984e-15
5386.775865893899 7.262861464403325e-15
5390.9519163643845 7.411094812807009e-15
5395.12796683487 7.400272993938918e-15
5399.304017305355 7.141564717085005e-15
5403.48006777584 7.327589784256167e-15
5407.656118246326 7.578813415103605e-15
5411.832168716811 7.596697744158722e-15
5416.008219187296 7.617815719220011e-15
5420.184269657781 7.234224460457998e-15
5424.360320128267 7.446223226169713e-15
5428.536370598752 7.749675524567033e-15
5432.712421069237 7.683397382665783e-15
5436.888471539723 7.711631487357317e-15
5441.064522010208 7.13813609913588e-15
5445.240572480693 7.453673873788098e-15
5449.416622951178 7.615060049777386e-15
5453.592673421664 7.415958148401233e-15
5457.76872389215 6.496005159755552e-15
5461.944774362635 7.23592034721127e-15
5466.12082483312 7.549317484781737e-15
5470.296875303606 7.484026788312922e-15
5474.472925774091 7.847892569167954e-15
5478.648976244576 7.761138713774352e-15
5482.8250267150615 7.21708177003986e-15
5487.001077185547 7.183498877407647e-15
5491.177127656032 7.463946295055753e-15
5495.353178126517 7.505520652193692e-15
5499.529228597003 7.697757768267528e-15
5503.705279067488 7.440173487397259e-15
5507.881329537973 7.207108877897741e-15
5512.0573800084585 7.500635001242253e-15
5516.233430478944 7.388211990809572e-15
5520.409480949429 7.596249276298402e-15
5524.585531419914 7.927623196387371e-15
5528.7615818904 8.231343434084706e-15
5532.937632360885 7.848367183145056e-15
5537.11368283137 7.694170349194057e-15
5541.289733301855 7.589211236142476e-15
5545.465783772341 7.639714444391356e-15
5549.641834242826 8.103603969254988e-15
5553.817884713311 7.758311360917083e-15
5557.993935183797 7.45809462142754e-15
5562.169985654282 8.01764966166645e-15
5566.346036124767 8.148942094591309e-15
5570.522086595252 7.279868349844287e-15
5574.698137065738 8.200517632189072e-15
5578.874187536223 8.585200191431545e-15
5583.050238006708 7.732005406174589e-15
5587.2262884771935 8.334563523606014e-15
5591.402338947679 8.112688925795572e-15
5595.578389418164 7.973639050254494e-15
5599.754439888649 8.057859744909922e-15
5603.930490359135 8.123866554398984e-15
5608.10654082962 8.133621338357302e-15
5612.282591300105 8.111579954479768e-15
5616.4586417705905 8.174041059329563e-15
5620.634692241076 7.906222138580916e-15
5624.810742711561 8.337416612213159e-15
5628.986793182046 8.207455371359735e-15
5633.162843652532 7.764597962788521e-15
5637.338894123017 8.057808789878698e-15
5641.514944593502 8.503473378453297e-15
5645.690995063987 8.298584797731524e-15
5649.867045534473 8.357911294803569e-15
5654.043096004958 8.454287913345767e-15
5658.219146475443 8.261813234294377e-15
5662.395196945929 8.292527393298438e-15
5666.571247416414 8.437294352286185e-15
5670.747297886899 8.318220529053515e-15
5674.923348357384 8.150057038831075e-15
5679.09939882787 8.05328603226364e-15
5683.275449298355 7.774420403590488e-15
5687.45149976884 7.807366224269267e-15
5691.6275502393255 8.404664104266701e-15
5695.803600709811 8.583502115784665e-15
5699.979651180296 8.278398956664983e-15
5704.155701650781 8.034074229882252e-15
5708.331752121267 8.120819651177976e-15
5712.507802591752 8.245201020359196e-15
5716.683853062237 8.12995369323855e-15
5720.8599035327225 8.157883099627188e-15
5725.035954003209 8.592599528572316e-15
5729.212004473694 8.420285782568725e-15
5733.388054944179 8.318032379963855e-15
5737.5641054146645 8.595730847479423e-15
5741.74015588515 8.605988751682071e-15
5745.916206355635 8.179586675064656e-15
5750.09225682612 8.06210814225556e-15
5754.268307296606 8.16872040962502e-15
5758.444357767091 8.42280014589778e-15
5762.620408237576 8.419546362805951e-15
5766.796458708061 8.221746583399948e-15
5770.972509178547 8.190234510382406e-15
5775.148559649032 7.69996795270198e-15
5779.324610119517 7.603148660224462e-15
5783.500660590003 7.733918293575145e-15
5787.676711060488 8.584260393934213e-15
5791.852761530973 8.067878765872744e-15
5796.028812001458 8.228070058604499e-15
5800.204862471944 8.585571163393703e-15
5804.380912942429 8.195356139324059e-15
5808.556963412914 8.13570037278886e-15
5812.7330138833995 8.626698198591484e-15
5816.909064353886 8.545803686408612e-15
5821.085114824371 8.54987314945894e-15
5825.261165294856 8.092432799697416e-15
5829.4372157653415 8.370203145037924e-15
5833.613266235827 8.975730978879733e-15
5837.789316706312 8.32109684345401e-15
5841.965367176797 8.375028940137977e-15
5846.141417647283 8.544642343438502e-15
5850.317468117768 8.764139307669134e-15
5854.493518588253 9.017190143646114e-15
5858.6695690587385 9.113647566534953e-15
5862.845619529224 8.830802071563852e-15
5867.021669999709 8.614780594693719e-15
5871.197720470194 7.956734086122078e-15
5875.37377094068 8.309967318322364e-15
5879.549821411165 8.412041851301192e-15
5883.72587188165 8.285012708666986e-15
5887.901922352135 7.82436782416956e-15
5892.077972822621 7.597215729689765e-15
5896.254023293106 7.773222085352544e-15
5900.430073763591 8.253322560767955e-15
5904.606124234077 8.671947133869696e-15
5908.782174704562 8.595193236000313e-15
5912.958225175047 8.769100376213865e-15
5917.134275645532 8.885210473625614e-15
5921.310326116018 8.988209131274484e-15
5925.486376586503 8.13593938198452e-15
5929.662427056988 8.997078775239794e-15
5933.8384775274735 9.116923780854792e-15
5938.014527997959 9.042155023699914e-15
5942.190578468444 9.174011135224912e-15
5946.366628938929 8.932089092556621e-15
5950.542679409415 8.670792058480108e-15
5954.7187298799 8.905694596061139e-15
5958.894780350385 8.626076014081855e-15
5963.0708308208705 8.966334314042111e-15
5967.246881291356 8.635538842176986e-15
5971.422931761841 8.612318096048739e-15
5975.598982232326 8.88713450885807e-15
5979.775032702812 8.780642284259905e-15
5983.951083173297 8.885178594044308e-15
5988.127133643782 9.0056089245296e-15
5992.303184114267 8.797463831296919e-15
5996.479234584753 8.864028392455795e-15
6000.655285055238 8.921037249099134e-15
6004.831335525723 8.690776865745933e-15
6009.0073859962085 9.109072101889006e-15
6013.183436466694 8.991392872473715e-15
6017.359486937179 8.84743824026076e-15
6021.535537407664 9.04603634468187e-15
6025.71158787815 8.928097010055065e-15
6029.887638348635 9.226560766543945e-15
6034.06368881912 9.004327056306645e-15
6038.2397392896055 8.892902248787464e-15
6042.415789760091 9.016491235923203e-15
6046.591840230576 9.013047750572266e-15
6050.767890701061 8.857094212165566e-15
6054.943941171547 8.996796421179466e-15
6059.119991642032 8.934602327244275e-15
6063.296042112517 8.752473694196895e-15
6067.472092583002 9.074810730324676e-15
6071.648143053488 9.211430531137349e-15
6075.824193523973 9.384288940972285e-15
6080.000243994459 9.352965161924177e-15
6084.1762944649445 9.38630585490669e-15
6088.35234493543 9.478133382701114e-15
6092.528395405915 9.375235712637372e-15
6096.7044458764 9.199059171181138e-15
6100.880496346886 9.513806968363831e-15
6105.056546817371 9.561841185758841e-15
6109.232597287856 9.254918570442828e-15
6113.408647758341 9.297794710717362e-15
6117.584698228827 9.171743053807827e-15
6121.760748699312 9.639720902872178e-15
6125.936799169797 9.68958139140936e-15
6130.112849640283 9.410639825045256e-15
6134.288900110768 9.23330769443337e-15
6138.464950581253 9.494978130084748e-15
6142.641001051738 9.878258858768612e-15
6146.817051522224 9.767626535534573e-15
6150.993101992709 9.978739990514618e-15
6155.169152463194 9.365578456310735e-15
6159.3452029336795 9.477747744540378e-15
6163.521253404165 9.37608405032137e-15
6167.69730387465 9.308411702615598e-15
6171.873354345136 9.229367686677907e-15
6176.0494048156215 9.214482378492894e-15
6180.225455286107 9.0133402936987e-15
6184.401505756592 9.093161699862755e-15
6188.577556227077 9.39258829709844e-15
6192.753606697563 9.324455603704714e-15
6196.929657168048 9.405415953137976e-15
6201.105707638533 9.119617197432795e-15
6205.2817581090185 9.245975452718328e-15
6209.457808579504 9.409472941872932e-15
6213.633859049989 9.483230437204594e-15
6217.809909520474 9.36713046661617e-15
6221.98595999096 9.285584941068293e-15
6226.162010461445 9.330454806272613e-15
6230.33806093193 9.653457035014105e-15
6234.514111402415 9.476093846899608e-15
6238.690161872901 9.735247313694269e-15
6242.866212343386 9.68054436352413e-15
6247.042262813871 9.926978617791352e-15
6251.218313284357 9.81253912699917e-15
6255.394363754842 9.436281938173753e-15
6259.570414225327 9.38621802103515e-15
6263.746464695812 9.328593045286494e-15
6267.922515166298 9.222567085904642e-15
6272.098565636783 8.925412800267965e-15
6276.274616107268 9.058685592061634e-15
6280.4506665777535 8.126522783098553e-15
6284.626717048239 8.166199835706023e-15
6288.802767518724 8.958619337815319e-15
6292.978817989209 9.279965634904319e-15
6297.154868459695 9.490982754569025e-15
6301.33091893018 9.233337607896514e-15
6305.506969400665 9.219861813101983e-15
6309.6830198711505 9.6325358497673e-15
6313.859070341636 9.622993436071435e-15
6318.035120812121 9.62858502185244e-15
6322.211171282606 1.0039036017973643e-14
6326.387221753092 9.712069903640041e-15
6330.563272223577 9.633010881418793e-15
6334.739322694062 9.92892268746902e-15
6338.915373164547 9.839538464759078e-15
6343.091423635033 9.409510813689268e-15
6347.267474105518 9.362575377132447e-15
6351.443524576003 9.646626711585052e-15
6355.6195750464885 9.91822192548229e-15
6359.795625516974 9.440535223504867e-15
6363.971675987459 9.868270339218823e-15
6368.147726457944 1.0097392481050326e-14
6372.32377692843 9.786425326061975e-15
6376.499827398915 9.439427711065449e-15
6380.6758778694 9.800940437890517e-15
6384.8519283398855 1.0111255123378051e-14
6389.027978810371 1.0097873356724454e-14
6393.204029280857 1.0115205202922584e-14
6397.380079751342 1.0063343170560843e-14
6401.5561302218275 9.541611636326601e-15
6405.732180692313 9.991962194445738e-15
6409.908231162798 1.0285837211572185e-14
6414.084281633283 9.82298139408275e-15
6418.260332103769 1.0064160393715567e-14
6422.436382574254 1.0481857260504211e-14
6426.612433044739 1.0203420766793597e-14
6430.7884835152245 9.81288562384566e-15
6434.96453398571 9.929844921890225e-15
6439.140584456195 9.699635848086668e-15
6443.31663492668 9.840043694971921e-15
6447.492685397166 1.0555568133548912e-14
6451.668735867651 1.0148708435877353e-14
6455.844786338136 9.923440773715018e-15
6460.020836808621 9.836774346251566e-15
6464.196887279107 9.959283331223391e-15
6468.372937749592 1.0130089061449543e-14
6472.548988220077 1.0155469240939063e-14
6476.7250386905625 1.0175419177047349e-14
6480.901089161048 1.0304574377923771e-14
6485.077139631533 9.852809697107759e-15
6489.253190102018 1.0351196278648658e-14
6493.429240572504 9.688970666898379e-15
6497.605291042989 1.007060781547196e-14
6501.781341513474 1.0270169364331602e-14
6505.9573919839595 1.0506102865546265e-14
6510.133442454445 1.0622410470344634e-14
6514.30949292493 1.0452079046592877e-14
6518.485543395415 1.0090589538901043e-14
6522.661593865901 9.924135379425531e-15
6526.837644336386 1.0018923979260319e-14
6531.013694806871 1.0113116966825888e-14
6535.189745277356 1.0182035332171072e-14
6539.365795747842 1.0151776842666621e-14
6543.541846218327 1.0616083585962262e-14
6547.717896688812 1.1192710823657906e-14
6551.893947159298 1.301107735137538e-14
6556.069997629783 1.7819853913791634e-14
6560.246048100268 2.3948640814449953e-14
6564.422098570753 2.5533364509334676e-14
6568.598149041239 1.9761701820456194e-14
6572.774199511725 1.2607433215354997e-14
6576.95024998221 1.1203395982363485e-14
6581.126300452695 1.050510155837043e-14
6585.302350923181 1.067380465133843e-14
6589.478401393666 1.0297953930940349e-14
6593.654451864151 9.955727828588386e-15
6597.830502334637 1.0111845080396607e-14
6602.006552805122 1.0237424407077465e-14
6606.182603275607 1.0577107002826038e-14
6610.358653746092 1.0475574168505355e-14
6614.534704216578 1.0336556266203014e-14
6618.710754687063 1.0220501713226609e-14
6622.886805157548 1.0592698254398564e-14
6627.0628556280335 1.0608386462497378e-14
6631.238906098519 1.0454175365404287e-14
6635.414956569004 1.0362333097358718e-14
6639.591007039489 1.0428449585494739e-14
6643.767057509975 1.0402241506235933e-14
6647.94310798046 1.0740205912237266e-14
6652.119158450945 1.0595548995557568e-14
6656.2952089214305 1.0540679755115934e-14
6660.471259391916 1.0437344482355508e-14
6664.647309862401 1.0276209376391696e-14
6668.823360332886 1.058772908415967e-14
6672.999410803372 1.0592751770582637e-14
6677.175461273857 1.021429942506713e-14
6681.351511744342 1.0227824900368237e-14
6685.527562214827 1.1005386388792665e-14
6689.703612685313 1.0820901152856937e-14
6693.879663155798 1.068251695289488e-14
6698.055713626283 1.0872222389325261e-14
6702.2317640967685 1.0953921333843476e-14
6706.407814567254 1.1038230483155724e-14
6710.583865037739 1.0930253673879325e-14
6714.759915508224 1.0880900429373776e-14
6718.93596597871 1.0932729092234614e-14
6723.112016449195 1.0728762351754972e-14
6727.28806691968 1.090267201723704e-14
6731.4641173901655 1.0700895491412456e-14
6735.640167860651 1.0980374276475559e-14
6739.816218331136 1.0931884055352655e-14
6743.992268801621 1.0786460010981557e-14
6748.1683192721075 1.0835196789441538e-14
6752.344369742593 1.0962569183911786e-14
6756.520420213078 1.1268246706868701e-14
6760.696470683563 1.1416644726019204e-14
6764.872521154049 1.1383620831585428e-14
6769.048571624534 1.1358976955647419e-14
6773.224622095019 1.0848641084401059e-14
6777.4006725655045 1.1274047432706182e-14
6781.57672303599 1.1577016769491348e-14
6785.752773506475 1.141344562776906e-14
6789.92882397696 1.1206730664652218e-14
6794.104874447446 1.1384245019649132e-14
6798.280924917931 1.1361543511721787e-14
6802.456975388416 1.1061087909801914e-14
6806.633025858901 1.1606195138124443e-14
6810.809076329387 1.1743078810807229e-14
6814.985126799872 1.0991255355493716e-14
6819.161177270357 1.1142277657223852e-14
6823.3372277408425 1.1158595810381121e-14
6827.513278211328 1.1461845372072151e-14
6831.689328681813 1.1635713045953237e-14
6835.865379152298 1.1724107828407807e-14
6840.041429622784 1.1912442376270414e-14
6844.217480093269 1.1408149820892542e-14
6848.393530563754 1.1603006614552899e-14
6852.5695810342395 1.1285973488570216e-14
6856.745631504725 1.1687873770193343e-14
6860.92168197521 1.1330429158609802e-14
6865.097732445695 1.0168024038340325e-14
6869.273782916181 8.935754391962647e-15
6873.449833386666 8.717531451284776e-15
6877.625883857151 9.62795404572771e-15
6881.801934327636 1.0591523172402677e-14
6885.977984798122 1.0748581646595644e-14
6890.154035268607 1.0371749383799938e-14
6894.330085739092 1.0217270325843939e-14
6898.506136209578 1.0570684372274752e-14
6902.682186680063 1.067644138664299e-14
6906.858237150548 1.0828719796789536e-14
6911.034287621033 1.0963800582938058e-14
6915.210338091519 1.1096411259893489e-14
6919.386388562004 1.1732673154692781e-14
6923.562439032489 1.1661594805250429e-14
6927.738489502975 1.1004498041143899e-14
6931.914539973461 1.1638813725657233e-14
6936.090590443946 1.1537216235142146e-14
6940.266640914431 1.1051438303446668e-14
6944.4426913849165 1.1219671004854779e-14
6948.618741855402 1.1557670681561014e-14
6952.794792325887 1.1667566086490353e-14
6956.970842796372 1.1920322949722144e-14
6961.146893266858 1.1768423237656535e-14
6965.322943737343 1.1608665019382372e-14
6969.498994207828 1.1478414413354434e-14
6973.6750446783135 1.1514943549510492e-14
6977.851095148799 1.1415404560851657e-14
6982.027145619284 1.1511092278436841e-14
6986.203196089769 1.1419591317722964e-14
6990.379246560255 1.1214492196829749e-14
6994.55529703074 1.1706998385233817e-14
6998.731347501225 1.1491934354727742e-14
7002.90739797171 1.1675119337890946e-14
7007.083448442196 1.2097669260691561e-14
7011.259498912681 1.1281831987011645e-14
7015.435549383166 1.1330211067140836e-14
7019.611599853652 1.146478663930812e-14
7023.787650324137 1.147607038863429e-14
7027.963700794622 1.1451449658138453e-14
7032.139751265107 1.1488172658641529e-14
7036.315801735593 1.1486437911973365e-14
7040.491852206078 1.1686134796476452e-14
7044.667902676563 1.1818682673184607e-14
7048.8439531470485 1.1726222295317695e-14
7053.020003617534 1.162443019918714e-14
7057.196054088019 1.1548428950837397e-14
7061.372104558504 1.1496894388349685e-14
7065.54815502899 1.1347949908345932e-14
7069.724205499475 1.1301178555698752e-14
7073.90025596996 1.1790636821474226e-14
7078.0763064404455 1.1973257668146263e-14
7082.252356910931 1.1848061822544441e-14
7086.428407381416 1.1610159667800899e-14
7090.604457851901 1.165784631613066e-14
7094.780508322387 1.151697417459807e-14
7098.956558792872 1.1776416402118397e-14
7103.132609263357 1.2119281598818961e-14
7107.308659733843 1.1989780482715196e-14
7111.484710204329 1.2462988346914435e-14
7115.660760674814 1.2008578806965185e-14
7119.836811145299 1.199925618702583e-14
7124.0128616157845 1.1733709665440561e-14
7128.18891208627 1.1700403122818037e-14
7132.364962556755 1.1982061149359067e-14
7136.54101302724 1.204071548015737e-14
7140.717063497726 1.2005145905212863e-14
7144.893113968211 1.206866017305776e-14
7149.069164438696 1.188999458710635e-14
7153.245214909181 1.1782301275314675e-14
7157.421265379667 1.1940414831292197e-14
7161.597315850152 1.2119401781715422e-14
7165.773366320637 1.2264305189015215e-14
7169.9494167911225 1.1970537029009982e-14
7174.125467261608 1.1412326760914755e-14
7178.301517732093 1.133551168639912e-14
7182.477568202578 1.1668032362289677e-14
7186.653618673064 1.1715418997604651e-14
7190.829669143549 1.1246840429785146e-14
7195.005719614034 1.117325055227101e-14
7199.1817700845195 1.1152944477087202e-14
7203.357820555005 1.1617063343258881e-14
7207.53387102549 1.185895799085086e-14
7211.709921495975 1.1995845311710422e-14
7215.885971966461 1.193833183014564e-14
7220.062022436946 1.1568773647905879e-14
7224.238072907431 1.1618494978368531e-14
7228.414123377916 1.2209511461296885e-14
7232.590173848402 1.1824643973401493e-14
7236.766224318887 1.0899090764489667e-14
7240.942274789372 1.0919709258189619e-14
7245.118325259858 1.1263948085144047e-14
7249.294375730343 1.1456914722600348e-14
7253.470426200828 1.1656344210938077e-14
7257.646476671313 1.1592197094404988e-14
7261.822527141799 1.1484246429155822e-14
7265.998577612284 1.169362947855805e-14
7270.174628082769 1.1560897642177547e-14
7274.3506785532545 1.1134077151352161e-14
7278.52672902374 1.1355872406023714e-14
7282.702779494225 1.1781627273502833e-14
7286.878829964711 1.1452311782910884e-14
7291.0548804351965 1.130916197482644e-14
7295.230930905682 1.1489981673135546e-14
7299.406981376167 1.174805367767682e-14
7303.583031846652 1.1460202697164207e-14
7307.759082317138 1.1198226872854212e-14
7311.935132787623 1.1669671809328547e-14
7316.111183258108 1.1443229395911164e-14
7320.2872337285935 1.1176494885643985e-14
7324.463284199079 1.1481571558915676e-14
7328.639334669564 1.1542792939396011e-14
7332.815385140049 1.1136879840391935e-14
7336.991435610535 1.0806797455940191e-14
7341.16748608102 1.124974689057682e-14
7345.343536551505 1.13421812822498e-14
7349.51958702199 1.14339072522414e-14
7353.695637492476 1.144942395315378e-14
7357.871687962961 1.089598218530703e-14
7362.047738433446 1.0956735169356743e-14
7366.223788903932 1.106113080811782e-14
7370.399839374417 1.1154176980413526e-14
7374.575889844902 1.1138746389346063e-14
7378.751940315387 1.0899166484546013e-14
7382.927990785873 1.115596772476596e-14
7387.104041256358 1.0641163262992777e-14
7391.280091726843 1.1034138878368376e-14
7395.4561421973285 1.0715418609601192e-14
7399.632192667814 1.0840747253367343e-14
7403.808243138299 1.1073774839889063e-14
7407.984293608784 1.0984998059274048e-14
7412.16034407927 1.0798315861110232e-14
7416.336394549755 1.0616861258951866e-14
7420.51244502024 1.137431145433397e-14
7424.6884954907255 1.0888868434086416e-14
7428.864545961211 1.0318990539774742e-14
7433.040596431696 1.0531000305484136e-14
7437.216646902181 1.0532798122656183e-14
7441.392697372667 1.0786184917257416e-14
7445.568747843152 1.0984985103572468e-14
7449.744798313637 1.0771999035356701e-14
7453.920848784122 1.0709659433410595e-14
7458.096899254608 1.0944457311881404e-14
7462.272949725094 1.1190791759085957e-14
7466.449000195579 1.1013147850550218e-14
7470.625050666064 1.0807076775543775e-14
7474.80110113655 1.078996087909695e-14
7478.977151607035 1.0928349858283086e-14
7483.15320207752 1.0947109992095954e-14
7487.329252548006 1.0837925119489003e-14
7491.505303018491 1.0941895227751439e-14
7495.681353488976 1.1044074555908544e-14
7499.857403959461 1.050541709094844e-14
7504.033454429947 1.090727607454663e-14
7508.209504900432 1.1064874993789727e-14
7512.385555370917 1.1193221904835686e-14
7516.5616058414025 1.1335133700471457e-14
7520.737656311888 1.1384786324540272e-14
7524.913706782373 1.1582945345449288e-14
7529.089757252858 1.0940890445621817e-14
7533.265807723344 1.1240330437413186e-14
7537.441858193829 1.1015487235342788e-14
7541.617908664314 1.1493378313489011e-14
7545.7939591347995 1.1248089645673946e-14
7549.970009605285 1.0986269995763386e-14
7554.14606007577 1.1028701180627752e-14
7558.322110546255 1.118114239310666e-14
7562.498161016741 1.1269967643079636e-14
7566.674211487226 1.1288387204303506e-14
7570.850261957711 1.1865217617755868e-14
7575.026312428196 1.2023998664958502e-14
7579.202362898682 1.2422389534076882e-14
7583.378413369167 1.2193648283146144e-14
7587.554463839652 1.1751664982896956e-14
7591.730514310138 9.920608962128714e-15
7595.906564780623 6.678319362963891e-15
7600.082615251108 4.042443532563301e-15
7604.258665721593 2.8286374144202115e-15
7608.434716192079 3.0931046064253846e-15
7612.610766662564 5.233833363169681e-15
7616.786817133049 7.577486555062798e-15
7620.9628676035345 8.012215343011853e-15
7625.13891807402 6.6702006584400876e-15
7629.314968544505 5.616816618990284e-15
7633.49101901499 5.9677746863801606e-15
7637.667069485476 6.753365457543495e-15
7641.843119955962 7.125263333533478e-15
7646.019170426447 7.525226013138124e-15
7650.195220896932 8.023484850446463e-15
7654.371271367418 8.690287829404707e-15
7658.547321837903 9.187690260401223e-15
7662.723372308388 9.407631323456033e-15
7666.8994227788735 9.768673090918114e-15
7671.075473249359 1.006987695548725e-14
7675.251523719844 9.844235452410505e-15
7679.427574190329 9.891213510510704e-15
7683.603624660815 1.0784547379618233e-14
7687.7796751313 1.0275879170216834e-14
7691.955725601785 1.038196394355942e-14
7696.13177607227 1.0368255398804676e-14
7700.307826542756 1.0293620661988984e-14
7704.483877013241 1.030291536534785e-14
7708.659927483726 1.035388131364085e-14
7712.835977954212 1.0256770860195337e-14
7717.012028424697 9.895910768095856e-15
7721.188078895182 1.0122324919925759e-14
7725.364129365667 9.814992688214903e-15
7729.540179836153 1.0160493904070647e-14
7733.716230306638 9.741421556633073e-15
7737.892280777123 9.551078639272864e-15
7742.0683312476085 9.802705513026785e-15
7746.244381718094 1.0003821784753122e-14
7750.420432188579 1.0186164198139369e-14
7754.596482659064 9.823117309987678e-15
7758.77253312955 9.854498964020857e-15
7762.948583600035 1.0144431863446636e-14
7767.12463407052 1.0007956964287238e-14
7771.3006845410055 9.637413068663633e-15
7775.476735011491 9.50817945433915e-15
7779.652785481976 9.636009572527606e-15
7783.828835952461 9.933697369052764e-15
7788.004886422947 9.902769919302654e-15
7792.180936893432 9.814167266292685e-15
7796.356987363917 9.718319944122082e-15
7800.533037834402 1.0114148346614168e-14
7804.709088304888 9.980914101208672e-15
7808.885138775373 9.973116853538102e-15
7813.061189245858 9.888344365633678e-15
7817.237239716344 9.718330622930218e-15
7821.41329018683 9.611492655156595e-15
7825.589340657315 9.559796658497349e-15
7829.7653911278 1.0127603710272896e-14
7833.941441598286 9.737473860980341e-15
7838.117492068771 9.644499127510222e-15
7842.293542539256 1.0095105143040783e-14
7846.469593009741 1.0184678475461114e-14
7850.645643480227 9.914942091128856e-15
7854.821693950712 1.0018247235097092e-14
7858.997744421197 1.0276385911710876e-14
7863.1737948916825 1.0323506421087346e-14
7867.349845362168 1.034141509917403e-14
7871.525895832653 1.0019645809037006e-14
7875.701946303138 9.972698097034602e-15
7879.877996773624 1.0106735490381845e-14
7884.054047244109 1.0347813826886763e-14
7888.230097714594 1.019638672644281e-14
7892.4061481850795 1.0045763072023199e-14
7896.582198655565 1.0091932421549604e-14
7900.75824912605 1.0086279129037434e-14
7904.934299596535 1.0095950897964207e-14
7909.110350067021 9.863973910728274e-15
7913.286400537506 9.82203744600308e-15
7917.462451007991 9.761484624743762e-15
7921.638501478476 9.91976151804186e-15
7925.814551948962 9.831636110210706e-15
7929.990602419447 9.89499730801152e-15
7934.166652889932 9.98289851468886e-15
7938.3427033604175 9.599869851887554e-15
7942.518753830903 1.0074281533294863e-14
7946.694804301388 9.573031141675477e-15
7950.870854771873 9.648062822212624e-15
7955.046905242359 1.0188816811111054e-14
7959.222955712844 1.0054911764286962e-14
7963.399006183329 9.9190900027226e-15
7967.5750566538145 9.751134631361068e-15
7971.7511071243 9.546039587333162e-15
7975.927157594785 9.838067911161039e-15
7980.10320806527 1.0044640663185046e-14
7984.279258535756 1.0590860774161382e-14
7988.455309006241 9.739740539883715e-15
7992.631359476726 9.817701155301849e-15
7996.807409947212 1.0176104768373676e-14
8000.983460417698 9.954469866905868e-15
8005.159510888183 9.70895389043705e-15
8009.335561358668 9.971983445883767e-15
8013.5116118291535 1.0071996317317777e-14
8017.687662299639 9.738016847133254e-15
8021.863712770124 9.930483015399134e-15
8026.039763240609 9.825384516662147e-15
8030.215813711095 9.696159664988505e-15
8034.39186418158 1.0038469662151416e-14
8038.567914652065 1.0059540346696239e-14
8042.74396512255 9.949783983584992e-15
8046.920015593036 1.009614004006269e-14
8051.096066063521 1.0249115317426364e-14
8055.272116534006 9.920361521190277e-15
8059.448167004492 9.245834845290039e-15
8063.624217474977 9.690520544498677e-15
8067.800267945462 9.530633816165105e-15
8071.976318415947 9.89845127314064e-15
8076.152368886433 9.908977913604681e-15
8080.328419356918 1.0010485869557516e-14
8084.504469827403 1.0257753736025494e-14
8088.6805202978885 1.0060630417627482e-14
8092.856570768374 9.851399708367377e-15
8097.032621238859 9.669911678288116e-15
8101.208671709344 1.0008612480681799e-14
8105.38472217983 9.793290418217645e-15
8109.560772650315 9.756435180896285e-15
8113.7368231208 9.987148872825252e-15
8117.9128735912855 9.896639586148162e-15
8122.088924061771 9.663516607530314e-15
8126.264974532256 9.694322503706069e-15
8130.441025002741 9.601697485772392e-15
8134.617075473227 9.408284107444576e-15
8138.793125943712 1.0053182932529617e-14
8142.969176414197 9.809732683324252e-15
8147.145226884682 9.753658659234423e-15
8151.321277355168 9.412326825648587e-15
8155.497327825653 9.112804830839596e-15
8159.673378296138 8.93413824065045e-15
8163.8494287666235 8.78459030789064e-15
8168.025479237109 9.182019691239734e-15
8172.201529707594 9.669649847933959e-15
8176.37758017808 9.416286759021515e-15
8180.553630648566 9.522163062907975e-15
8184.729681119051 9.350225864089409e-15
8188.905731589536 9.377202803320262e-15
8193.08178206002 9.208812782064067e-15
8197.257832530508 9.23490677018956e-15
8201.433883000991 9.775035450148872e-15
8205.609933471478 1.0065742374348936e-14
8209.785983941962 9.656607409983844e-15
8213.962034412449 1.0055786858278806e-14
8218.138084882932 9.592641422906245e-15
8222.31413535342 9.350148081129942e-15
8226.490185823903 8.937901951068798e-15
8230.66623629439 9.279859381998668e-15
8234.842286764873 9.859601312602977e-15
8239.01833723536 9.801687777179048e-15
8243.194387705844 9.852798001679748e-15
8247.370438176331 9.937238826671853e-15
8251.546488646814 9.41932291738002e-15
8255.722539117301 9.483686887159608e-15
8259.898589587785 9.633100458394445e-15
8264.074640058272 9.792452876657952e-15
8268.250690528756 9.868933100515695e-15
8272.426740999243 9.716230511040891e-15
8276.602791469726 9.336334356449072e-15
8280.778841940213 9.459354568686186e-15
8284.954892410697 9.965320861713915e-15
8289.130942881184 9.753257180939655e-15
8293.306993351667 9.593275609456849e-15
8297.483043822154 9.656120984713355e-15
8301.659094292638 9.517707217572656e-15
8305.835144763125 9.462078757202946e-15
8310.011195233608 9.613257539357339e-15
8314.187245704095 9.601040340854363e-15
8318.363296174579 9.221238195563131e-15
8322.539346645066 9.063181998412715e-15
8326.71539711555 9.344503126345059e-15
8330.891447586037 9.676051329999858e-15
8335.06749805652 9.888321241279023e-15
8339.243548527007 9.6174909339807e-15
8343.41959899749 9.217483224954357e-15
8347.595649467978 9.376576796595943e-15
8351.771699938461 9.611023731911351e-15
8355.947750408948 9.505276326283356e-15
8360.123800879433 9.666613046411042e-15
8364.299851349919 9.486083372093273e-15
8368.475901820404 9.508103664720578e-15
8372.65195229089 9.132899821950293e-15
8376.828002761375 9.54266117849268e-15
8381.00405323186 9.395456312592153e-15
8385.180103702345 9.158226639058199e-15
8389.35615417283 9.0191091940576e-15
8393.532204643316 8.947281101578217e-15
8397.708255113801 9.70991734758605e-15
8401.884305584286 9.4538485929733e-15
8406.060356054772 9.129513270086035e-15
8410.236406525257 9.112481154082983e-15
8414.412456995742 9.358510956978564e-15
8418.588507466227 9.577823247257378e-15
8422.764557936713 9.32230190746634e-15
8426.940608407198 9.31366049582838e-15
8431.116658877683 9.604833931642754e-15
8435.292709348169 9.603750056681718e-15
8439.468759818654 1.008848796413024e-14
8443.644810289139 1.0630282304413282e-14
8447.820860759624 1.0375671003240394e-14
8451.99691123011 9.747129891032502e-15
8456.172961700595 9.515486985753324e-15
8460.34901217108 9.373619295164315e-15
8464.525062641565 9.493010848572458e-15
8468.70111311205 9.585246535636844e-15
8472.877163582536 9.367313791752497e-15
8477.053214053021 9.25052864880874e-15
8481.229264523507 9.26799913680921e-15
8485.405314993992 9.918335590720404e-15
8489.581365464477 1.0091208617234895e-14
8493.757415934962 1.0248088533361122e-14
8497.933466405448 1.030082833104563e-14
8502.109516875933 9.756052241746246e-15
8506.285567346418 9.324345130182054e-15
8510.461617816904 9.517972160575126e-15
8514.637668287389 9.305161534872974e-15
8518.813718757874 8.972513783841004e-15
8522.98976922836 8.921316950158458e-15
8527.165819698845 9.530170078025297e-15
8531.34187016933 9.834324480629023e-15
8535.517920639817 9.71388325747905e-15
8539.6939711103 9.426150762717799e-15
8543.870021580788 9.372218611164941e-15
8548.046072051271 9.32718193699561e-15
8552.222122521758 9.63747143527709e-15
8556.398172992242 8.827359085747678e-15
8560.574223462729 9.371060314143522e-15
8564.750273933212 9.27394939149862e-15
8568.9263244037 9.578441486756608e-15
8573.102374874183 9.595213974815685e-15
8577.27842534467 9.109554650013346e-15
8581.454475815153 8.79496448306937e-15
8585.63052628564 8.843848990395107e-15
8589.806576756124 8.810976643557742e-15
8593.982627226611 8.964041932135122e-15
8598.158677697094 8.860997058986713e-15
8602.334728167581 9.19101610789391e-15
8606.510778638065 9.067236444977362e-15
8610.686829108552 9.074881090758997e-15
8614.862879579036 9.209647412693076e-15
8619.038930049523 9.253986596445828e-15
8623.214980520006 9.723319271082846e-15
8627.391030990493 1.0050981505048903e-14
8631.567081460977 9.882986040756967e-15
8635.743131931464 9.829420882409537e-15
8639.919182401947 9.281566421432743e-15
8644.095232872434 8.97737351808341e-15
8648.271283342918 8.891931460740898e-15
8652.447333813405 9.170778435179657e-15
8656.623384283888 9.462798931846161e-15
8660.799434754375 9.557642633217372e-15
8664.975485224859 9.300766790591213e-15
8669.151535695346 9.448787667403839e-15
8673.32758616583 9.11487375719014e-15
8677.503636636317 9.027487646680983e-15
8681.6796871068 9.658336627388856e-15
8685.855737577287 9.98681586091609e-15
8690.03178804777 9.81533718514246e-15
8694.207838518258 9.865826405661934e-15
8698.383888988741 9.81965141926978e-15
8702.559939459228 9.750630408917219e-15
8706.735989929712 9.405145070890005e-15
8710.912040400199 9.524627487724622e-15
8715.088090870684 9.90005839413529e-15
8719.26414134117 9.19968336451887e-15
8723.440191811655 9.555694180628255e-15
8727.61624228214 9.204458728452372e-15
8731.792292752625 9.339940911385222e-15
8735.96834322311 9.476062407709825e-15
8740.144393693596 9.279486661652995e-15
8744.320444164081 8.976988629008299e-15
8748.496494634566 8.441039140347216e-15
8752.672545105052 8.581537451846199e-15
8756.848595575537 9.025399037693568e-15
8761.024646046022 8.766645879626755e-15
8765.200696516507 9.365813414231691e-15
8769.376746986993 9.319852483682327e-15
8773.552797457478 9.204636997326021e-15
8777.728847927963 9.257784953332605e-15
8781.904898398448 9.569109496509559e-15
8786.080948868934 9.72397420324251e-15
8790.256999339419 9.805033264478123e-15
8794.433049809904 9.630885411721183e-15
8798.60910028039 9.305787128575016e-15
8802.785150750875 9.218288752924604e-15
8806.96120122136 9.391129745354304e-15
8811.137251691845 9.365858013300777e-15
8815.31330216233 9.438250460164548e-15
8819.489352632816 9.432581813153452e-15
8823.665403103301 9.319098170016441e-15
8827.841453573787 9.254885992377523e-15
8832.017504044272 9.664167671389314e-15
8836.193554514757 9.547185831689252e-15
8840.369604985242 9.251103121179019e-15
8844.545655455728 9.399645692068558e-15
8848.721705926213 9.288049111265833e-15
8852.897756396698 8.910514552204253e-15
8857.073806867184 8.424975812378254e-15
8861.249857337669 7.925540692230866e-15
8865.425907808154 8.531388360800399e-15
8869.60195827864 9.192584906033167e-15
8873.778008749125 8.385763800267217e-15
8877.95405921961 8.967490974879771e-15
8882.130109690095 9.396954031230737e-15
8886.30616016058 9.385658237852871e-15
8890.482210631068 9.882661596466134e-15
8894.658261101551 9.943239790117326e-15
8898.834311572038 1.0214296167070856e-14
8903.010362042522 1.0278021970372716e-14
8907.186412513009 9.793515245936167e-15
8911.362462983492 9.594623523417072e-15
8915.53851345398 1.0628727941256068e-14
8919.714563924463 1.0197785215781992e-14
8923.89061439495 9.83109774838952e-15
8928.066664865433 9.550865326368102e-15
8932.24271533592 9.872071567042279e-15
8936.418765806404 9.923465101199229e-15
8940.594816276891 9.38989828176538e-15
8944.770866747374 9.795178558182001e-15
8948.946917217861 9.437493731864957e-15
8953.122967688345 9.391290138786012e-15
8957.299018158832 9.483627600019489e-15
8961.475068629316 9.43582907322131e-15
8965.651119099803 9.061648140861874e-15
8969.827169570286 8.874035283287161e-15
8974.003220040773 9.309914936651004e-15
8978.179270511257 9.449753096526354e-15
8982.355320981744 8.948405958063028e-15
8986.531371452227 7.962262806323461e-15
8990.707421922714 7.797036145443594e-15
8994.883472393198 8.73993480486875e-15
8999.059522863685 8.274119611415583e-15
9003.235573334168 7.660922788844944e-15
9007.411623804655 7.801974582640762e-15
9011.587674275139 7.779078769842795e-15
9015.763724745626 7.89835164041527e-15
9019.93977521611 8.192156493631112e-15
9024.115825686597 8.541027809625324e-15
9028.29187615708 8.563219676576717e-15
9032.467926627567 8.90273095574606e-15
9036.64397709805 9.922286729939578e-15
9040.820027568538 9.68431537485397e-15
9044.996078039021 9.275554223788602e-15
9049.172128509508 9.642136608300124e-15
9053.348178979992 9.573240360915715e-15
9057.524229450479 9.325100837035778e-15
9061.700279920962 9.636479590003913e-15
9065.87633039145 9.852996484227538e-15
9070.052380861935 9.257069686214443e-15
9074.22843133242 8.433794642122877e-15
9078.404481802905 9.506297470021005e-15
9082.58053227339 9.84006777499743e-15
9086.756582743876 8.990349887737141e-15
9090.932633214361 9.03192704608212e-15
9095.108683684846 9.269611852140296e-15
9099.284734155332 9.126695549363023e-15
9103.460784625817 8.948620504913332e-15
9107.636835096302 8.70725770996042e-15
9111.812885566787 8.960376782427704e-15
9115.988936037273 9.110102140973016e-15
9120.164986507758 8.355101473388475e-15
9124.341036978243 9.268073562828067e-15
9128.517087448728 8.606514497817186e-15
9132.693137919214 8.651669186749545e-15
9136.869188389699 9.22349332172617e-15
9141.045238860184 9.309302719781632e-15
9145.22128933067 9.119096309966915e-15
9149.397339801155 9.205063773643693e-15
9153.57339027164 9.113262889468123e-15
9157.749440742125 9.070794819984832e-15
9161.92549121261 9.187795896767405e-15
9166.101541683096 9.011959646398648e-15
9170.277592153581 8.107207197400425e-15
9174.453642624067 8.83181818732027e-15
9178.629693094552 9.546100092041829e-15
9182.805743565037 9.683687585806696e-15
9186.981794035522 9.60759757498588e-15
9191.157844506008 9.656925573775004e-15
9195.333894976493 9.935038963674437e-15
9199.509945446978 9.390522830959541e-15
