wavelength flux
3804.05273757997 2.533122136358377e-15
3808.2287880504555 1.888440762475162e-15
3812.4048385209408 -1.1793574234055811e-15
3816.580888991426 1.1038911900161666e-15
3820.7569394619113 1.174368843924012e-15
3824.9329899323966 9.115133568774583e-17
3829.109040402882 5.811874226590704e-16
3833.285090873367 1.114255485133006e-15
3837.4611413438524 1.8396106451773058e-15
3841.6371918143377 1.3861590072280238e-15
3845.813242284823 1.546555151790907e-15
3849.9892927553083 1.8463368001555883e-15
3854.1653432257935 -8.596462016042666e-16
3858.341393696279 -5.83851966330629e-16
3862.517444166764 6.238618504708312e-16
3866.6934946372494 1.813262657980941e-15
3870.8695451077347 1.256796267275624e-15
3875.0455955782204 1.1973843333247122e-15
3879.2216460487057 -3.84825616048566e-16
3883.397696519191 -4.09938536823332e-16
3887.5737469896762 2.9263440423871415e-16
3891.7497974601615 9.422081830239633e-16
3895.925847930647 5.67157826361739e-16
3900.101898401132 1.6286013302582605e-15
3904.2779488716174 9.573432018606262e-16
3908.4539993421026 9.78622419749517e-16
3912.630049812588 5.071997252788431e-16
3916.806100283073 9.854515149891843e-16
3920.982150753559 1.3875888442806334e-17
3925.158201224044 6.7782628984146005e-16
3929.3342516945295 7.123937487024201e-16
3933.5103021650148 1.172769408223665e-15
3937.6863526355 5.006659176291908e-16
3941.8624031059853 5.143689286283118e-16
3946.0384535764706 8.326654147877449e-16
3950.214504046956 1.046380100620678e-15
3954.390554517441 6.153957283726722e-16
3958.5666049879264 1.1449644551385395e-15
3962.7426554584117 7.804916239219898e-16
3966.918705928897 8.145258371781753e-16
3971.0947563993823 7.385981528314436e-16
3975.2708068698676 8.506284168313622e-16
3979.446857340353 4.14765943700601e-16
3983.622907810838 2.0988477787209854e-16
3987.7989582813234 8.41118787395111e-16
3991.9750087518087 7.831648968024816e-16
3996.151059222294 9.201119135218071e-16
4000.3271096927792 1.6691660730808473e-15
4004.5031601632645 1.197308223570057e-15
4008.67921063375 6.672171527895614e-16
4012.855261104235 3.952063980240659e-16
4017.0313115747203 9.959274373196688e-16
4021.2073620452056 9.424630686384886e-16
4025.383412515691 4.2142290957605784e-16
4029.559462986176 5.0587546736472315e-16
4033.7355134566615 7.181791719664486e-16
4037.9115639271467 8.868425640325817e-16
4042.087614397632 1.2594867040924184e-15
4046.2636648681173 1.2765410382240432e-15
4050.4397153386026 1.0612796117402832e-15
4054.6157658090883 6.386779053556083e-16
4058.7918162795736 8.501215560492349e-16
4062.967866750059 1.1602576196473901e-15
4067.143917220544 1.0453252881661012e-15
4071.3199676910294 1.087705322456133e-15
4075.4960181615147 8.304851364821712e-16
4079.672068632 9.651494582558958e-16
4083.8481191024853 1.1357135189614035e-15
4088.0241695729705 7.731695036917875e-16
4092.200220043456 7.315062514621406e-16
4096.376270513942 1.0835800478768264e-15
4100.552320984427 1.0093208936720846e-15
4104.728371454912 7.857823145717863e-16
4108.904421925397 7.121319045491956e-16
4113.080472395883 1.071933403246256e-15
4117.256522866368 1.2103865846898766e-15
4121.432573336853 1.0066256024572733e-15
4125.6086238073385 7.638206683185841e-16
4129.784674277824 8.84819108926436e-16
4133.960724748309 7.905358247829622e-16
4138.136775218794 9.236943420278327e-16
4142.31282568928 1.0368120576919835e-15
4146.488876159765 7.873661180622218e-16
4150.66492663025 4.886338628786215e-16
4154.8409771007355 6.423669613587407e-16
4159.017027571221 1.0230181729220186e-15
4163.193078041706 1.2365913929389522e-15
4167.369128512191 1.3889062546131817e-15
4171.545178982677 1.5032146544016545e-15
4175.721229453162 1.234173078952617e-15
4179.897279923647 1.3774810112741394e-15
4184.073330394132 1.1515679541939763e-15
4188.249380864618 1.1359452908917744e-15
4192.425431335103 1.4020142435536333e-15
4196.601481805588 8.684617625999647e-16
4200.7775322760735 1.2619432868739294e-15
4204.953582746559 1.2365862278837447e-15
4209.129633217044 1.0202452619109426e-15
4213.305683687529 9.662499238458591e-16
4217.481734158015 1.2012332610085636e-15
4221.6577846285 1.1516917421449906e-15
4225.833835098985 1.1651483024580307e-15
4230.0098855694705 1.0239477654991742e-15
4234.185936039956 1.1988688729494848e-15
4238.361986510441 1.1689408799177793e-15
4242.538036980926 1.3585159233075825e-15
4246.714087451412 1.2135068569600798e-15
4250.890137921897 1.1845746104194176e-15
4255.066188392382 1.2770697072246616e-15
4259.242238862867 1.2864397972119203e-15
4263.418289333353 1.322941654879906e-15
4267.594339803838 1.2491506966700928e-15
4271.770390274323 1.3217420791767074e-15
4275.946440744809 1.1568924127841312e-15
4280.122491215294 1.3259429252753492e-15
4284.298541685779 1.0556873909095652e-15
4288.474592156264 1.0659309216776502e-15
4292.65064262675 1.0584716572684036e-15
4296.826693097235 1.318979809921306e-15
4301.002743567721 1.3615417548936473e-15
4305.178794038206 1.2183610460922278e-15
4309.354844508692 1.0916400269691015e-15
4313.530894979177 9.697622528696866e-16
4317.706945449662 1.1655627710183031e-15
4321.882995920148 1.2241536299829106e-15
4326.059046390633 1.083548399713791e-15
4330.235096861118 1.0993260829073439e-15
4334.411147331603 1.1619452748535471e-15
4338.587197802089 9.80847882026362e-16
4342.763248272574 9.334208813982076e-16
4346.939298743059 1.1636557894739631e-15
4351.1153492135445 1.0367153090063225e-15
4355.29139968403 1.1888198414884167e-15
4359.467450154515 1.2749359397524035e-15
4363.643500625 1.3519295448110112e-15
4367.819551095486 1.26405031927871e-15
4371.995601565971 1.4596340357556137e-15
4376.171652036456 1.0591893899535898e-15
4380.3477025069415 1.2527753227252475e-15
4384.523752977427 1.3552824829914546e-15
4388.699803447913 1.2694241434039743e-15
4392.875853918398 1.3996395203660814e-15
4397.0519043888835 1.198518660290179e-15
4401.227954859369 1.1583147264978461e-15
4405.404005329854 1.2158380887524914e-15
4409.580055800339 1.2757741773013813e-15
4413.756106270825 1.3201689617973522e-15
4417.93215674131 1.0412878398006921e-15
4422.108207211795 1.0194911165601232e-15
4426.28425768228 1.017980703272035e-15
4430.460308152766 1.142237269153804e-15
4434.636358623251 9.544443600699049e-16
4438.812409093736 1.309761081109262e-15
4442.988459564222 1.2081351298957734e-15
4447.164510034707 1.1156507817294692e-15
4451.340560505192 1.372267704975653e-15
4455.516610975677 1.2348022956313244e-15
4459.692661446163 1.29334221077728e-15
4463.868711916648 1.392592162487713e-15
4468.044762387133 1.065156991437171e-15
4472.2208128576185 1.1684440643245035e-15
4476.396863328104 1.2077737529595734e-15
4480.572913798589 1.1183687587965567e-15
4484.748964269074 1.4000881846588709e-15
4488.92501473956 1.463493824214042e-15
4493.101065210045 1.3898769539140138e-15
4497.27711568053 1.3462487548474915e-15
4501.4531661510155 1.530867964944283e-15
4505.629216621501 1.2797200945278316e-15
4509.805267091986 1.2390903897088637e-15
4513.981317562471 1.3266802602845128e-15
4518.157368032957 1.5567838494361093e-15
4522.333418503442 1.1946045699815599e-15
4526.509468973927 1.2631673676679992e-15
4530.685519444412 1.373838508583906e-15
4534.861569914898 1.4976987102381477e-15
4539.037620385383 1.5608786554313711e-15
4543.213670855868 1.5299467042098676e-15
4547.3897213263535 1.4949263634968686e-15
4551.565771796839 1.3436911537545463e-15
4555.741822267324 1.3933346746258916e-15
4559.917872737809 1.4669658404768083e-15
4564.093923208295 1.582956806538352e-15
4568.26997367878 1.4025388098957435e-15
4572.446024149265 1.3084333068392815e-15
4576.6220746197505 1.376140237254297e-15
4580.798125090236 1.4533993671067675e-15
4584.974175560721 1.4397953857328753e-15
4589.150226031206 1.533974035102142e-15
4593.326276501692 1.5431888363808595e-15
4597.502326972177 1.4942511179349607e-15
4601.678377442662 1.4671561190872314e-15
4605.854427913147 1.2969752358473047e-15
4610.030478383633 1.2911692119795437e-15
4614.206528854118 1.400909405425153e-15
4618.382579324603 1.4181081907343037e-15
4622.558629795089 1.4365331222460494e-15
4626.734680265574 1.4833453448746013e-15
4630.910730736059 1.554141009386544e-15
4635.086781206544 1.5533353633149008e-15
4639.26283167703 1.4269122049664183e-15
4643.438882147515 1.4758508533790588e-15
4647.614932618 1.4925939799580874e-15
4651.7909830884855 1.4973416611211901e-15
4655.967033558972 1.541048346150626e-15
4660.143084029457 1.4780881630051842e-15
4664.319134499942 1.4659560718708229e-15
4668.4951849704275 1.45728301260342e-15
4672.671235440913 1.4189119811530873e-15
4676.847285911398 1.3600668303124254e-15
4681.023336381883 1.2728285954103353e-15
4685.199386852369 1.3897282917987653e-15
4689.375437322854 1.1794291207913587e-15
4693.551487793339 1.3817415764554393e-15
4697.7275382638245 1.4662542011452422e-15
4701.90358873431 1.4778777699126491e-15
4706.079639204795 1.4270438505544743e-15
4710.25568967528 1.2953033408317658e-15
4714.431740145766 1.3611959111360142e-15
4718.607790616251 1.2976182933035172e-15
4722.783841086736 1.4435842263042284e-15
4726.959891557221 1.5138061173186962e-15
4731.135942027707 1.5504432902892355e-15
4735.311992498192 1.4832810877547651e-15
4739.488042968677 1.2896902906853667e-15
4743.664093439163 1.2336120604732142e-15
4747.840143909649 1.4435038789044842e-15
4752.016194380134 1.6674984406839007e-15
4756.192244850619 1.6180645185429324e-15
4760.368295321105 1.454208728889673e-15
4764.54434579159 1.3996009013338032e-15
4768.720396262075 1.3914514537769413e-15
4772.89644673256 1.5008076780811846e-15
4777.072497203046 1.545332047962639e-15
4781.248547673531 1.5094485727270186e-15
4785.424598144016 1.5522330935920415e-15
4789.600648614502 1.6636413260820605e-15
4793.776699084987 1.5461477660605147e-15
4797.952749555472 1.5229821410800073e-15
4802.128800025957 1.5812907865138207e-15
4806.304850496443 1.5740111297655025e-15
4810.480900966928 1.5152724266522895e-15
4814.656951437413 1.5771699404060876e-15
4818.8330019078985 1.5548902397456323e-15
4823.009052378384 1.5523365495475419e-15
4827.185102848869 1.642937034379754e-15
4831.361153319354 1.5594851036949861e-15
4835.53720378984 1.5295954458094759e-15
4839.713254260325 1.5686272922258629e-15
4843.88930473081 1.5484847150447405e-15
4848.0653552012955 1.5448320831803443e-15
4852.241405671781 1.5719354999772267e-15
4856.417456142266 1.748594328698043e-15
4860.593506612751 1.9747550143627273e-15
4864.769557083237 1.7726452628617393e-15
4868.945607553722 1.5788867949919549e-15
4873.121658024207 1.563159076294357e-15
4877.297708494692 1.4929135663937273e-15
4881.473758965178 1.5640024517016123e-15
4885.649809435663 1.5647379538430367e-15
4889.825859906148 1.5390582459279605e-15
4894.0019103766335 1.5106775812874935e-15
4898.177960847119 1.4829440646361569e-15
4902.354011317604 1.4739880714723295e-15
4906.530061788089 1.5078936391910688e-15
4910.706112258575 1.562503760145271e-15
4914.88216272906 1.5817898486835367e-15
4919.058213199545 1.5808522860635758e-15
4923.2342636700305 1.694335550509332e-15
4927.410314140516 1.7429629855127117e-15
4931.586364611001 1.7750436630173518e-15
4935.762415081486 1.7689833520835388e-15
4939.938465551972 1.7321285781380016e-15
4944.114516022457 1.7276010220447234e-15
4948.290566492942 1.6787705592209878e-15
4952.466616963427 1.6722904834250368e-15
4956.642667433913 1.6927834272036418e-15
4960.818717904398 1.7622496476420422e-15
4964.994768374883 1.751347472846873e-15
4969.170818845369 1.6849509614844527e-15
4973.346869315854 1.5987288372509829e-15
4977.522919786339 1.645913168830397e-15
4981.698970256824 1.6923531311062532e-15
4985.87502072731 1.792541047910724e-15
4990.051071197795 1.775607983600249e-15
4994.22712166828 1.784831874801831e-15
4998.4031721387655 1.7205230748150258e-15
5002.579222609251 1.6997049933428064e-15
5006.755273079736 1.7968740984683185e-15
5010.931323550222 1.7731246920135101e-15
5015.1073740207075 1.8212753346551975e-15
5019.283424491193 1.8179864520935607e-15
5023.459474961678 1.827665407123768e-15
5027.635525432163 1.7377648636546048e-15
5031.811575902649 2.0010733073832066e-15
5035.987626373134 1.7373331994657392e-15
5040.163676843619 1.6879582351376586e-15
5044.3397273141045 1.7746443222541803e-15
5048.51577778459 1.7640115649138057e-15
5052.691828255075 1.8621429843894057e-15
5056.86787872556 1.927331837462142e-15
5061.043929196046 1.8883352356408954e-15
5065.219979666531 1.7901833304987786e-15
5069.396030137016 1.78123812373813e-15
5073.572080607501 1.8711458156614327e-15
5077.748131077987 1.8731319899428077e-15
5081.924181548472 1.913217127550385e-15
5086.100232018957 1.9763492905312737e-15
5090.276282489443 1.951356749676765e-15
5094.452332959928 1.954875523990835e-15
5098.628383430413 1.9674247883688627e-15
5102.804433900899 1.9573570870532677e-15
5106.980484371385 1.8417031134841396e-15
5111.15653484187 1.836438015385065e-15
5115.332585312355 1.8442403156237075e-15
5119.50863578284 1.8331675325842087e-15
5123.684686253326 1.980786451388041e-15
5127.860736723811 2.1963086677695418e-15
5132.036787194296 2.075724723111372e-15
5136.212837664782 1.9683892938563755e-15
5140.388888135267 1.7868594308530416e-15
5144.564938605752 1.9075680868994294e-15
5148.740989076237 2.062860651131979e-15
5152.917039546723 1.973180983543726e-15
5157.093090017208 2.0104976934722378e-15
5161.269140487693 2.0897049474778424e-15
5165.4451909581785 2.0875293566480124e-15
5169.621241428664 2.110491887832015e-15
5173.797291899149 2.079453185267341e-15
5177.973342369634 2.045039270108343e-15
5182.14939284012 2.00234731520431e-15
5186.325443310605 2.1044963405021092e-15
5190.50149378109 2.1456599266138515e-15
5194.6775442515755 2.0420413258840316e-15
5198.853594722061 2.054601364618897e-15
5203.029645192546 1.97435363439042e-15
5207.205695663031 1.999478786583367e-15
5211.381746133517 2.1435506390350028e-15
5215.557796604002 2.143383776032893e-15
5219.733847074487 2.088228777982002e-15
5223.909897544972 1.967641572088943e-15
5228.085948015458 2.131528313461878e-15
5232.261998485943 2.2184088658717145e-15
5236.438048956428 2.1630519687717447e-15
5240.6140994269135 2.0928418867709036e-15
5244.790149897399 2.041314332831878e-15
5248.966200367884 2.1609596159824844e-15
5253.142250838369 2.1171221933105297e-15
5257.318301308855 2.024322985871619e-15
5261.49435177934 2.220812465471286e-15
5265.670402249825 2.283061210298745e-15
5269.8464527203105 2.3027400513921762e-15
5274.022503190796 2.22880174194141e-15
5278.198553661281 2.313764279575921e-15
5282.374604131766 2.180051228967787e-15
5286.550654602252 2.183208795808694e-15
5290.726705072737 2.210875328302644e-15
5294.902755543222 2.1758035371499585e-15
5299.078806013707 2.1934844910656425e-15
5303.254856484193 2.234007084208568e-15
5307.430906954678 2.2788207189374853e-15
5311.606957425163 2.3463063842361396e-15
5315.783007895649 2.4070044800513153e-15
5319.959058366134 2.1879199554499413e-15
5324.135108836619 2.2410423323435707e-15
5328.311159307104 2.283714385471591e-15
5332.48720977759 2.5434566912215502e-15
5336.663260248075 2.178218184811209e-15
5340.83931071856 2.1323215878529892e-15
5345.0153611890455 2.2606833320190604e-15
5349.191411659531 2.378696230765958e-15
5353.367462130016 2.410131124692663e-15
5357.543512600501 2.4259046353663586e-15
5361.719563070987 2.385471486180284e-15
5365.895613541472 2.3253677546863593e-15
5370.071664011958 2.2946382237449334e-15
5374.247714482443 2.2941940420844024e-15
5378.423764952929 2.3605428327661855e-15
5382.599815423414 2.305099593783299e-15
5386.775865893899 2.1846609075599476e-15
5390.9519163643845 2.3270563174488478e-15
5395.12796683487 2.254335843615578e-15
5399.304017305355 2.2268180684254365e-15
5403.48006777584 2.342969792846967e-15
5407.656118246326 2.253818126051074e-15
5411.832168716811 2.3158998848812568e-15
5416.008219187296 2.305745947912497e-15
5420.184269657781 2.260490109089051e-15
5424.360320128267 2.2647954232434025e-15
5428.536370598752 2.2974240789163345e-15
5432.712421069237 2.347681023923527e-15
5436.888471539723 2.346551153088661e-15
5441.064522010208 2.3067531445586537e-15
5445.240572480693 2.296263977204654e-15
5449.416622951178 2.2258818256984056e-15
5453.592673421664 2.3744121677333126e-15
5457.76872389215 2.3067436718426787e-15
5461.944774362635 2.3684889597578183e-15
5466.12082483312 2.4650366946222067e-15
5470.296875303606 2.3941095101693916e-15
5474.472925774091 2.4370003222315442e-15
5478.648976244576 2.4488852073173818e-15
5482.8250267150615 2.398888994511653e-15
5487.001077185547 2.3655234451323373e-15
5491.177127656032 2.3854496169985907e-15
5495.353178126517 2.4954433052525242e-15
5499.529228597003 2.4515430797486818e-15
5503.705279067488 2.4035755669080604e-15
5507.881329537973 2.262196619283846e-15
5512.0573800084585 2.3696842005085403e-15
5516.233430478944 2.5059976050889738e-15
5520.409480949429 2.4204908740567253e-15
5524.585531419914 2.4158480584695147e-15
5528.7615818904 2.4569019859039796e-15
5532.937632360885 2.4082782586262702e-15
5537.11368283137 2.4679818189548926e-15
5541.289733301855 2.423342257003385e-15
5545.465783772341 2.408663655141206e-15
5549.641834242826 2.5439325412246788e-15
5553.817884713311 2.6379970565776745e-15
5557.993935183797 2.572555291107137e-15
5562.169985654282 2.5388045246068685e-15
5566.346036124767 2.6218689070687537e-15
5570.522086595252 2.5450203253303478e-15
5574.698137065738 2.7208999365116848e-15
5578.874187536223 2.8925412178846723e-15
5583.050238006708 2.4900455538135172e-15
5587.2262884771935 2.5939034739938138e-15
5591.402338947679 2.6025222240356238e-15
5595.578389418164 2.615281852203535e-15
5599.754439888649 2.610731982062748e-15
5603.930490359135 2.6850110449642236e-15
5608.10654082962 2.6667636458712197e-15
5612.282591300105 2.6453318574953138e-15
5616.4586417705905 2.549645462980649e-15
5620.634692241076 2.670217272011994e-15
5624.810742711561 2.6511676336653634e-15
5628.986793182046 2.6530113710038182e-15
5633.162843652532 2.6458040205457547e-15
5637.338894123017 2.5904385459221368e-15
5641.514944593502 2.579720527656963e-15
5645.690995063987 2.7407361116310038e-15
5649.867045534473 2.7475657672593854e-15
5654.043096004958 2.6916747304860793e-15
5658.219146475443 2.734183530625219e-15
5662.395196945929 2.6777570170610945e-15
5666.571247416414 2.6604380574697833e-15
5670.747297886899 2.589934584112012e-15
5674.923348357384 2.671159255429918e-15
5679.09939882787 2.7381508161147026e-15
5683.275449298355 2.6540038897962954e-15
5687.45149976884 2.7012171952843333e-15
5691.6275502393255 2.572012619831528e-15
5695.803600709811 2.550667470651648e-15
5699.979651180296 2.6793653587392958e-15
5704.155701650781 2.6523636999384275e-15
5708.331752121267 2.4718183135581783e-15
5712.507802591752 2.478169424089138e-15
5716.683853062237 2.7374141552304173e-15
5720.8599035327225 2.8346561567107227e-15
5725.035954003209 2.840999044839975e-15
5729.212004473694 2.7701198717672486e-15
5733.388054944179 2.6936571058141082e-15
5737.5641054146645 2.617677788226807e-15
5741.74015588515 2.625107045940831e-15
5745.916206355635 2.6045125435432596e-15
5750.09225682612 2.6033433887004246e-15
5754.268307296606 2.6709571382441605e-15
5758.444357767091 2.7371299754172703e-15
5762.620408237576 2.7800873435512347e-15
5766.796458708061 2.816645861026729e-15
5770.972509178547 2.5820366192535887e-15
5775.148559649032 2.5972773564811e-15
5779.324610119517 2.505039052607961e-15
5783.500660590003 2.526925794190427e-15
5787.676711060488 2.582026968506432e-15
5791.852761530973 2.5749885747085363e-15
5796.028812001458 2.613389841817149e-15
5800.204862471944 2.6305620154926672e-15
5804.380912942429 2.6577743417544316e-15
5808.556963412914 2.731408895220629e-15
5812.7330138833995 2.8624582489188092e-15
5816.909064353886 2.819187536665399e-15
5821.085114824371 2.763498451975131e-15
5825.261165294856 2.8574167988214966e-15
5829.4372157653415 2.844617236974054e-15
5833.613266235827 2.9064529822851324e-15
5837.789316706312 2.828564809494061e-15
5841.965367176797 2.8632087069490174e-15
5846.141417647283 2.7665869266574362e-15
5850.317468117768 2.725355641793704e-15
5854.493518588253 2.8404122764554806e-15
5858.6695690587385 2.9076780437211566e-15
5862.845619529224 2.7936266667934025e-15
5867.021669999709 2.7457523462182723e-15
5871.197720470194 2.7957840868052158e-15
5875.37377094068 2.7143324461122217e-15
5879.549821411165 2.7911863311922293e-15
5883.72587188165 2.685636743579362e-15
5887.901922352135 2.5745850889458704e-15
5892.077972822621 2.5269800573917197e-15
5896.254023293106 2.4716180881766096e-15
5900.430073763591 2.5987635589556647e-15
5904.606124234077 2.75413265622227e-15
5908.782174704562 2.7984841553913418e-15
5912.958225175047 2.96146874805159e-15
5917.134275645532 2.900645095030625e-15
5921.310326116018 2.854378950689299e-15
5925.486376586503 2.887254655161292e-15
5929.662427056988 2.937802900185775e-15
5933.8384775274735 2.8633890474621425e-15
5938.014527997959 2.876603130404045e-15
5942.190578468444 2.839464755928931e-15
5946.366628938929 2.909610822979935e-15
5950.542679409415 2.972644961545872e-15
5954.7187298799 2.8940779637741968e-15
5958.894780350385 2.772269691683099e-15
5963.0708308208705 2.8113637989089865e-15
5967.246881291356 2.938673268937641e-15
5971.422931761841 3.0413353883868594e-15
5975.598982232326 2.946753012243551e-15
5979.775032702812 2.9137433751663136e-15
5983.951083173297 2.9822339377213505e-15
5988.127133643782 3.03440722151185e-15
5992.303184114267 2.98165582104693e-15
5996.479234584753 2.909310979719998e-15
6000.655285055238 2.920185804335402e-15
6004.831335525723 2.9002269343025077e-15
6009.0073859962085 2.9344224593002666e-15
6013.183436466694 2.8365191515189382e-15
6017.359486937179 2.908957700546342e-15
6021.535537407664 2.7793933820725993e-15
6025.71158787815 2.894472695418513e-15
6029.887638348635 3.077910710243419e-15
6034.06368881912 2.9808273972854717e-15
6038.2397392896055 2.9013874007279124e-15
6042.415789760091 2.9567026606092203e-15
6046.591840230576 2.9501216783157725e-15
6050.767890701061 2.9340142719642756e-15
6054.943941171547 2.9627558895800684e-15
6059.119991642032 2.8693896781943778e-15
6063.296042112517 2.939357514845208e-15
6067.472092583002 3.0496209019638084e-15
6071.648143053488 3.0962912904650223e-15
6075.824193523973 2.998160569480782e-15
6080.000243994459 2.9301948081449604e-15
6084.1762944649445 2.932510858472111e-15
6088.35234493543 3.0360800352679467e-15
6092.528395405915 3.0210317659314595e-15
6096.7044458764 2.9807746564667532e-15
6100.880496346886 3.027818115004994e-15
6105.056546817371 3.034976030122389e-15
6109.232597287856 2.9877737879377714e-15
6113.408647758341 2.9690319551555757e-15
6117.584698228827 2.9754677554798493e-15
6121.760748699312 3.0450310497363322e-15
6125.936799169797 3.115138846630422e-15
6130.112849640283 3.1392604271109227e-15
6134.288900110768 3.0839366277057996e-15
6138.464950581253 3.0306550910332133e-15
6142.641001051738 2.9845056015773263e-15
6146.817051522224 3.007661098412291e-15
6150.993101992709 3.1032502501691046e-15
6155.169152463194 2.950067728017225e-15
6159.3452029336795 2.917870795826564e-15
6163.521253404165 2.8594946104902236e-15
6167.69730387465 2.8397828202597814e-15
6171.873354345136 2.889396665231885e-15
6176.0494048156215 2.915761785962864e-15
6180.225455286107 2.9228342001496168e-15
6184.401505756592 2.8707275951909774e-15
6188.577556227077 2.9788078873229054e-15
6192.753606697563 3.0153405243091926e-15
6196.929657168048 2.9057815136061855e-15
6201.105707638533 2.795540782587543e-15
6205.2817581090185 2.8995961217228035e-15
6209.457808579504 3.0340215082559043e-15
6213.633859049989 3.0431804961741163e-15
6217.809909520474 2.985405283906431e-15
6221.98595999096 2.9616314806526973e-15
6226.162010461445 3.066044456852692e-15
6230.33806093193 3.3039723246373893e-15
6234.514111402415 3.2450199862184426e-15
6238.690161872901 3.2559006411730103e-15
6242.866212343386 3.0907128522185304e-15
6247.042262813871 3.2073373274465644e-15
6251.218313284357 3.1724699793558324e-15
6255.394363754842 3.0623733311130795e-15
6259.570414225327 3.086797990910806e-15
6263.746464695812 3.0904065027143145e-15
6267.922515166298 3.080158363292355e-15
6272.098565636783 3.1051414836595564e-15
6276.274616107268 2.976336978422134e-15
6280.4506665777535 2.6694913709070434e-15
6284.626717048239 2.752105977312129e-15
6288.802767518724 2.8392020991446264e-15
6292.978817989209 3.014071647922754e-15
6297.154868459695 3.132159278907706e-15
6301.33091893018 3.03311623599178e-15
6305.506969400665 2.9703822062093695e-15
6309.6830198711505 3.062344159488928e-15
6313.859070341636 3.1734661667489667e-15
6318.035120812121 3.2613360404143655e-15
6322.211171282606 3.042031804001264e-15
6326.387221753092 3.1593489528288715e-15
6330.563272223577 3.1201435755121948e-15
6334.739322694062 3.05396138564128e-15
6338.915373164547 3.159796571882301e-15
6343.091423635033 3.332386550963081e-15
6347.267474105518 3.1989662493334625e-15
6351.443524576003 2.9677512965554656e-15
6355.6195750464885 3.1076847608187007e-15
6359.795625516974 3.0348090745676256e-15
6363.971675987459 3.138563861140966e-15
6368.147726457944 3.1120396899543163e-15
6372.32377692843 3.1126226562523285e-15
6376.499827398915 3.1659921917784195e-15
6380.6758778694 3.1933559359959284e-15
6384.8519283398855 3.259718561573419e-15
6389.027978810371 3.3112491259402438e-15
6393.204029280857 3.3467462636487918e-15
6397.380079751342 3.321548560109169e-15
6401.5561302218275 3.2564008878257996e-15
6405.732180692313 3.2641871063366625e-15
6409.908231162798 3.3043571948534036e-15
6414.084281633283 3.355095928647961e-15
6418.260332103769 3.278688067093044e-15
6422.436382574254 3.3191307188007593e-15
6426.612433044739 3.3006790366975924e-15
6430.7884835152245 3.2832312882774107e-15
6434.96453398571 3.2910913148395265e-15
6439.140584456195 3.2651434528211423e-15
6443.31663492668 3.29639042021779e-15
6447.492685397166 3.1892750582198795e-15
6451.668735867651 3.3172917244408053e-15
6455.844786338136 3.446485999436616e-15
6460.020836808621 3.3397754867169436e-15
6464.196887279107 3.2302340339135718e-15
6468.372937749592 3.1905788189933737e-15
6472.548988220077 3.1354508330791158e-15
6476.7250386905625 3.1676429731178652e-15
6480.901089161048 3.2152438730218412e-15
6485.077139631533 3.3353412178429337e-15
6489.253190102018 3.177399460732924e-15
6493.429240572504 3.4018238595992557e-15
6497.605291042989 3.454792508473935e-15
6501.781341513474 3.3931664759066312e-15
6505.9573919839595 3.336500025196536e-15
6510.133442454445 3.343544720859092e-15
6514.30949292493 3.4225825672673263e-15
6518.485543395415 3.3632389620403244e-15
6522.661593865901 3.2267569085382413e-15
6526.837644336386 3.2446952023534077e-15
6531.013694806871 3.358693681803656e-15
6535.189745277356 3.216526575745161e-15
6539.365795747842 3.354105565208299e-15
6543.541846218327 3.55533832232809e-15
6547.717896688812 3.8390497445080395e-15
6551.893947159298 0.0
6556.069997629783 0.0
6560.246048100268 0.0
6564.422098570753 0.0
6568.598149041239 0.0
6572.774199511725 4.629512179773325e-15
6576.95024998221 3.804124791343261e-15
6581.126300452695 3.594216102392787e-15
6585.302350923181 3.606073806930644e-15
6589.478401393666 3.5009730069591586e-15
6593.654451864151 3.474340653851579e-15
6597.830502334637 3.610443963645094e-15
6602.006552805122 3.5442429508348717e-15
6606.182603275607 3.4778093609596384e-15
6610.358653746092 3.4308944104736483e-15
6614.534704216578 3.2962196884167575e-15
6618.710754687063 3.4147561900530925e-15
6622.886805157548 3.4681892298154923e-15
6627.0628556280335 3.5135693157454615e-15
6631.238906098519 3.4945069063570362e-15
6635.414956569004 3.4830810382437795e-15
6639.591007039489 3.4577555294709414e-15
6643.767057509975 3.434036688204367e-15
6647.94310798046 3.3708767217645638e-15
6652.119158450945 3.5975523851209125e-15
6656.2952089214305 3.572430013258373e-15
6660.471259391916 3.5211571239443632e-15
6664.647309862401 3.4571620251940834e-15
6668.823360332886 3.430495421351144e-15
6672.999410803372 3.4819407542487265e-15
6677.175461273857 3.509952559121774e-15
6681.351511744342 3.5818941105108186e-15
6685.527562214827 3.59396119071101e-15
6689.703612685313 3.572589424014156e-15
6693.879663155798 3.5068451371162474e-15
6698.055713626283 3.830909695884891e-15
6702.2317640967685 3.644671380165409e-15
6706.407814567254 3.589866312593176e-15
6710.583865037739 3.606808879311121e-15
6714.759915508224 3.627639878936828e-15
6718.93596597871 3.743562247900627e-15
6723.112016449195 3.8637553353885e-15
6727.28806691968 3.56543079137857e-15
6731.4641173901655 3.6640523408473585e-15
6735.640167860651 3.677344516052896e-15
6739.816218331136 3.661596318688243e-15
6743.992268801621 3.6893901965781326e-15
6748.1683192721075 3.682727105945014e-15
6752.344369742593 3.634917882750579e-15
6756.520420213078 3.6606327548527275e-15
6760.696470683563 3.694053444209252e-15
6764.872521154049 3.4855905540753913e-15
6769.048571624534 3.8089721338641835e-15
6773.224622095019 3.639803491358602e-15
6777.4006725655045 3.741772830111482e-15
6781.57672303599 3.717950489062407e-15
6785.752773506475 3.761530541840416e-15
6789.92882397696 3.844133754276647e-15
6794.104874447446 3.7916381005131846e-15
6798.280924917931 3.632234908934229e-15
6802.456975388416 3.721249794901615e-15
6806.633025858901 3.605041550085344e-15
6810.809076329387 3.580798218846285e-15
6814.985126799872 3.824959428921996e-15
6819.161177270357 3.857009680438323e-15
6823.3372277408425 3.921315477653637e-15
6827.513278211328 3.9338117313748524e-15
6831.689328681813 3.898189896860521e-15
6835.865379152298 3.842116149709888e-15
6840.041429622784 3.8569942980857545e-15
6844.217480093269 3.9020708612173975e-15
6848.393530563754 3.800207037364703e-15
6852.5695810342395 3.876465336252348e-15
6856.745631504725 3.832045907818288e-15
6860.92168197521 3.899774659360278e-15
6865.097732445695 3.618256154370187e-15
6869.273782916181 3.0765211414182677e-15
6873.449833386666 2.7928280595445393e-15
6877.625883857151 3.0515230145385777e-15
6881.801934327636 3.599940356027141e-15
6885.977984798122 3.6127065733602044e-15
6890.154035268607 3.515794746169553e-15
6894.330085739092 3.4576306300195764e-15
6898.506136209578 3.414573400071164e-15
6902.682186680063 3.547616615430467e-15
6906.858237150548 3.759932824534073e-15
6911.034287621033 3.960020369261723e-15
6915.210338091519 3.981189381368445e-15
6919.386388562004 3.830131507037014e-15
6923.562439032489 3.841304338142215e-15
6927.738489502975 3.956281135782386e-15
6931.914539973461 3.788965737476773e-15
6936.090590443946 3.8937462223307926e-15
6940.266640914431 3.898008855089843e-15
6944.4426913849165 3.9468708939847005e-15
6948.618741855402 3.97746043163149e-15
6952.794792325887 3.969577870285483e-15
6956.970842796372 4.004114045455384e-15
6961.146893266858 3.835273087548665e-15
6965.322943737343 3.9190833715047206e-15
6969.498994207828 3.978251149109737e-15
6973.6750446783135 3.970562792612743e-15
6977.851095148799 3.9900135627523906e-15
6982.027145619284 3.9359230739979515e-15
6986.203196089769 3.900238257061329e-15
6990.379246560255 3.90218399081952e-15
6994.55529703074 3.86724314770316e-15
6998.731347501225 3.8211143181655405e-15
7002.90739797171 3.856178443954783e-15
7007.083448442196 3.906894079397526e-15
7011.259498912681 3.975103293538707e-15
7015.435549383166 3.874541227305495e-15
7019.611599853652 3.845998184499238e-15
7023.787650324137 3.897606461358129e-15
7027.963700794622 3.948185658378062e-15
7032.139751265107 3.893864610661279e-15
7036.315801735593 4.009537420844552e-15
7040.491852206078 3.865850142090767e-15
7044.667902676563 3.944643142008154e-15
7048.8439531470485 3.985357016254566e-15
7053.020003617534 3.933370819723759e-15
7057.196054088019 3.86653339528865e-15
7061.372104558504 3.837151649103192e-15
7065.54815502899 3.864373853555879e-15
7069.724205499475 3.906653635342158e-15
7073.90025596996 3.956859210867221e-15
7078.0763064404455 3.9856587296474435e-15
7082.252356910931 4.091256696588158e-15
7086.428407381416 3.9291302801467565e-15
7090.604457851901 4.00919991146482e-15
7094.780508322387 4.133227949814691e-15
7098.956558792872 4.225818141123882e-15
7103.132609263357 4.119924540960662e-15
7107.308659733843 4.088604622616993e-15
7111.484710204329 4.153758269596836e-15
7115.660760674814 4.039815992081753e-15
7119.836811145299 4.032924610054558e-15
7124.0128616157845 3.975272575720594e-15
7128.18891208627 3.985552196255596e-15
7132.364962556755 4.044373381930552e-15
7136.54101302724 4.045914693814307e-15
7140.717063497726 4.068027499932245e-15
7144.893113968211 4.07980416088295e-15
7149.069164438696 4.200537496148941e-15
7153.245214909181 4.102342020055613e-15
7157.421265379667 4.034309025277979e-15
7161.597315850152 4.1819427300868344e-15
7165.773366320637 3.971791475663272e-15
7169.9494167911225 3.832564239108208e-15
7174.125467261608 3.8159444822894166e-15
7178.301517732093 3.8556939417508115e-15
7182.477568202578 3.786473949451622e-15
7186.653618673064 3.773483082466107e-15
7190.829669143549 3.869470306955662e-15
7195.005719614034 3.849000003161397e-15
7199.1817700845195 3.867676190237114e-15
7203.357820555005 3.829609312043599e-15
7207.53387102549 3.895937499894299e-15
7211.709921495975 4.091999531254135e-15
7215.885971966461 4.214699945042091e-15
7220.062022436946 4.1203554193180895e-15
7224.238072907431 3.945466836010438e-15
7228.414123377916 4.096871526209807e-15
7232.590173848402 4.042564211562503e-15
7236.766224318887 3.957261915722186e-15
7240.942274789372 3.928510966140645e-15
7245.118325259858 3.88821389650325e-15
7249.294375730343 3.8867526471336485e-15
7253.470426200828 3.9999542762868545e-15
7257.646476671313 4.036307632966629e-15
7261.822527141799 3.8451577409819645e-15
7265.998577612284 3.7836379088178025e-15
7270.174628082769 3.882981090056611e-15
7274.3506785532545 3.673302065164659e-15
7278.52672902374 3.834685724479115e-15
7282.702779494225 3.983890551377616e-15
7286.878829964711 3.9711808008915736e-15
7291.0548804351965 3.894428312646083e-15
7295.230930905682 3.86800901107057e-15
7299.406981376167 3.986644695391403e-15
7303.583031846652 4.064713556662018e-15
7307.759082317138 3.8191880213781155e-15
7311.935132787623 3.933241154374027e-15
7316.111183258108 3.989436991082359e-15
7320.2872337285935 4.00320132710907e-15
7324.463284199079 3.950946629023197e-15
7328.639334669564 3.973887904904153e-15
7332.815385140049 4.050032747231476e-15
7336.991435610535 3.9605197399705786e-15
7341.16748608102 3.810022774370151e-15
7345.343536551505 3.8373183811715485e-15
7349.51958702199 3.900581516023393e-15
7353.695637492476 3.957447930088722e-15
7357.871687962961 3.870919567005599e-15
7362.047738433446 3.820319662237925e-15
7366.223788903932 3.8462587878810886e-15
7370.399839374417 3.8531221233745294e-15
7374.575889844902 3.8400070800749674e-15
7378.751940315387 3.9193448530500615e-15
7382.927990785873 3.906496350418095e-15
7387.104041256358 3.949737288509385e-15
7391.280091726843 3.9560608116494826e-15
7395.4561421973285 3.957437979045949e-15
7399.632192667814 3.821439671764385e-15
7403.808243138299 3.801568366978555e-15
7407.984293608784 3.923710370436963e-15
7412.16034407927 3.907583204785669e-15
7416.336394549755 3.943372229953889e-15
7420.51244502024 3.851673912758741e-15
7424.6884954907255 3.692915508223311e-15
7428.864545961211 3.627497652257513e-15
7433.040596431696 3.6988860283872034e-15
7437.216646902181 3.726588575571614e-15
7441.392697372667 3.737561750293597e-15
7445.568747843152 3.814488555913031e-15
7449.744798313637 3.8188029270436064e-15
7453.920848784122 3.954600176777228e-15
7458.096899254608 3.934738206878602e-15
7462.272949725094 3.9446457884745906e-15
7466.449000195579 3.919665827159723e-15
7470.625050666064 3.946295349069719e-15
7474.80110113655 3.852841600413639e-15
7478.977151607035 3.7879884309572596e-15
7483.15320207752 3.826917938946692e-15
7487.329252548006 3.827974467520727e-15
7491.505303018491 3.8492094019149474e-15
7495.681353488976 3.9529702004348264e-15
7499.857403959461 4.004951390972334e-15
7504.033454429947 3.930886317859288e-15
7508.209504900432 3.949869912383949e-15
7512.385555370917 3.931521933874346e-15
7516.5616058414025 3.976610295635659e-15
7520.737656311888 3.9910452710576646e-15
7524.913706782373 3.879278786024456e-15
7529.089757252858 3.790704693472712e-15
7533.265807723344 3.8790639785223685e-15
7537.441858193829 3.9287114486937785e-15
7541.617908664314 3.9462363683073655e-15
7545.7939591347995 3.966645367960057e-15
7549.970009605285 3.900291935910713e-15
7554.14606007577 3.932659588931201e-15
7558.322110546255 3.982845199821457e-15
7562.498161016741 4.000457904108896e-15
7566.674211487226 3.97218679240256e-15
7570.850261957711 4.206926362735664e-15
7575.026312428196 4.195484299661913e-15
7579.202362898682 4.197970559120859e-15
7583.378413369167 4.1932725411243034e-15
7587.554463839652 4.165893926748826e-15
7591.730514310138 3.567395949316164e-15
7595.906564780623 2.416284009452602e-15
7600.082615251108 1.310472828931149e-15
7604.258665721593 7.821841013499447e-16
7608.434716192079 8.396861474134241e-16
7612.610766662564 1.4220409146423342e-15
7616.786817133049 2.386726407274632e-15
7620.9628676035345 2.640259604099146e-15
7625.13891807402 2.27734660714868e-15
7629.314968544505 1.8051383783868046e-15
7633.49101901499 1.8039457305459296e-15
7637.667069485476 2.0893578893346992e-15
7641.843119955962 2.2054537423662945e-15
7646.019170426447 2.450073177904395e-15
7650.195220896932 2.6875300449022827e-15
7654.371271367418 2.8974593902969324e-15
7658.547321837903 3.2248011150339747e-15
7662.723372308388 3.3713685394934464e-15
7666.8994227788735 3.485775331826313e-15
7671.075473249359 3.604018017393221e-15
7675.251523719844 3.629385929212892e-15
7679.427574190329 3.670320932458591e-15
7683.603624660815 3.778948617636874e-15
7687.7796751313 3.83832971032728e-15
7691.955725601785 3.5276448573703154e-15
7696.13177607227 3.439120336154113e-15
7700.307826542756 3.5750114977809865e-15
7704.483877013241 3.714616942489413e-15
7708.659927483726 3.705441604702494e-15
7712.835977954212 3.7074551526313045e-15
7717.012028424697 3.7059532269459885e-15
7721.188078895182 3.777416161705789e-15
7725.364129365667 3.626794095823917e-15
7729.540179836153 3.5427043136139526e-15
7733.716230306638 3.520663689614039e-15
7737.892280777123 3.543905344212537e-15
7742.0683312476085 3.623672084567688e-15
7746.244381718094 3.604714384853462e-15
7750.420432188579 3.518949132100308e-15
7754.596482659064 3.4221297370355415e-15
7758.77253312955 3.5317274302839315e-15
7762.948583600035 3.4474177540993685e-15
7767.12463407052 3.593516466594798e-15
7771.3006845410055 3.770305503702177e-15
7775.476735011491 3.830309447331943e-15
7779.652785481976 3.734482522904541e-15
7783.828835952461 3.619744729030729e-15
7788.004886422947 3.609753579052129e-15
7792.180936893432 3.4586670710500874e-15
7796.356987363917 3.576749103508555e-15
7800.533037834402 3.6396650408462525e-15
7804.709088304888 3.568345179701625e-15
7808.885138775373 3.4988110390939727e-15
7813.061189245858 3.5006830354491685e-15
7817.237239716344 3.5140004099160433e-15
7821.41329018683 3.553965035861546e-15
7825.589340657315 3.514199532388754e-15
7829.7653911278 3.3955628821851705e-15
7833.941441598286 3.636618516675258e-15
7838.117492068771 3.5621297392929284e-15
7842.293542539256 3.607866447766299e-15
7846.469593009741 3.598586450589153e-15
7850.645643480227 3.569738494693874e-15
7854.821693950712 3.443983711749999e-15
7858.997744421197 3.3784081468948206e-15
7863.1737948916825 3.508070004989662e-15
7867.349845362168 3.5313947540665795e-15
7871.525895832653 3.345249253454178e-15
7875.701946303138 3.4206156808744018e-15
7879.877996773624 3.552827586996552e-15
7884.054047244109 3.641112336316049e-15
7888.230097714594 3.617903603627094e-15
7892.4061481850795 3.5556479454968756e-15
7896.582198655565 3.561505523693051e-15
7900.75824912605 3.5657603145565006e-15
7904.934299596535 3.5264398695622195e-15
7909.110350067021 3.7409018998468105e-15
7913.286400537506 3.4510817899257135e-15
7917.462451007991 3.584351793047669e-15
7921.638501478476 3.5106204122531447e-15
7925.814551948962 3.4004478654336087e-15
7929.990602419447 3.3804368936744442e-15
7934.166652889932 3.5146300058354184e-15
7938.3427033604175 3.726882369497592e-15
7942.518753830903 3.722880800188994e-15
7946.694804301388 3.635920181817656e-15
7950.870854771873 3.5134210516483714e-15
7955.046905242359 3.620040266618567e-15
7959.222955712844 3.5341960890267673e-15
7963.399006183329 3.617922218508207e-15
7967.5750566538145 3.712197380189972e-15
7971.7511071243 3.645166622172451e-15
7975.927157594785 3.595644025693622e-15
7980.10320806527 3.558959307307143e-15
7984.279258535756 3.714460358362248e-15
7988.455309006241 3.6315171254776995e-15
7992.631359476726 3.5759960134664e-15
7996.807409947212 3.591317974155931e-15
8000.983460417698 3.5638538971196375e-15
8005.159510888183 3.545497943783594e-15
8009.335561358668 3.622541285561637e-15
8013.5116118291535 3.567928965857139e-15
8017.687662299639 3.4966882872639018e-15
8021.863712770124 3.598871802532391e-15
8026.039763240609 3.45831730374807e-15
8030.215813711095 3.5326872342164942e-15
8034.39186418158 3.4518074159246973e-15
8038.567914652065 3.59153002460022e-15
8042.74396512255 3.601794407720126e-15
8046.920015593036 3.5398119301345586e-15
8051.096066063521 3.607507677542329e-15
8055.272116534006 3.5072469781848406e-15
8059.448167004492 3.7324461121016186e-15
8063.624217474977 3.6094473586541165e-15
8067.800267945462 3.53143640257522e-15
8071.976318415947 3.5773177893302176e-15
8076.152368886433 3.717708121162738e-15
8080.328419356918 3.74051865105289e-15
8084.504469827403 3.564992626613584e-15
8088.6805202978885 3.462446584457454e-15
8092.856570768374 3.656809149863054e-15
8097.032621238859 3.697454893344036e-15
8101.208671709344 3.4988851454796827e-15
8105.38472217983 3.558375406071954e-15
8109.560772650315 3.391053917427254e-15
8113.7368231208 3.5569104571516106e-15
8117.9128735912855 3.604554667465924e-15
8122.088924061771 3.413528167415928e-15
8126.264974532256 3.5110588890520792e-15
8130.441025002741 3.3465904725323955e-15
8134.617075473227 3.472402692218757e-15
8138.793125943712 3.591987519953107e-15
8142.969176414197 3.508176843052381e-15
8147.145226884682 3.493425144071776e-15
8151.321277355168 3.446309477694898e-15
8155.497327825653 3.3773293299149838e-15
8159.673378296138 3.2842153353550292e-15
8163.8494287666235 3.2248769739937237e-15
8168.025479237109 3.314043199572684e-15
8172.201529707594 3.4056416336531485e-15
8176.37758017808 3.5096602669169824e-15
8180.553630648566 3.494007964252594e-15
8184.729681119051 3.4370151112225787e-15
8188.905731589536 3.483827692347721e-15
8193.08178206002 3.452612008877825e-15
8197.257832530508 3.430155699194894e-15
8201.433883000991 3.581520254439509e-15
8205.609933471478 3.674460076951459e-15
8209.785983941962 3.772559878277769e-15
8213.962034412449 3.713494011525139e-15
8218.138084882932 3.5371035868542503e-15
8222.31413535342 3.419039884178253e-15
8226.490185823903 3.2385389351123986e-15
8230.66623629439 3.249908902408357e-15
8234.842286764873 3.445376986802956e-15
8239.01833723536 3.4997883386374944e-15
8243.194387705844 3.637392405394154e-15
8247.370438176331 3.5880209901257895e-15
8251.546488646814 3.531252674258899e-15
8255.722539117301 3.41067221539333e-15
8259.898589587785 3.4692728412192815e-15
8264.074640058272 3.479447123825471e-15
8268.250690528756 3.470629014752627e-15
8272.426740999243 3.432921024479227e-15
8276.602791469726 3.4234470308357498e-15
8280.778841940213 3.53856429449868e-15
8284.954892410697 3.4989120525038204e-15
8289.130942881184 3.4874870726381137e-15
8293.306993351667 3.5501948465709156e-15
8297.483043822154 3.4921456275312213e-15
8301.659094292638 3.5162675580750657e-15
8305.835144763125 3.4753852764285355e-15
8310.011195233608 3.3802445603786775e-15
8314.187245704095 3.3591983175563102e-15
8318.363296174579 3.3123485835549486e-15
8322.539346645066 3.486845347709813e-15
8326.71539711555 3.5148942472006784e-15
8330.891447586037 3.3246965179415306e-15
8335.06749805652 3.482040257914322e-15
8339.243548527007 3.564413406487558e-15
8343.41959899749 3.582024402730465e-15
8347.595649467978 3.5436432696925035e-15
8351.771699938461 3.4948785812339587e-15
8355.947750408948 3.5729156231145606e-15
8360.123800879433 3.315811980574277e-15
8364.299851349919 3.3500009873068204e-15
8368.475901820404 3.438491204144791e-15
8372.65195229089 3.2967165379883245e-15
8376.828002761375 3.415556713672214e-15
8381.00405323186 3.271014642464559e-15
8385.180103702345 3.1865434185563314e-15
8389.35615417283 3.301377029268233e-15
8393.532204643316 3.315572769921735e-15
8397.708255113801 3.4660149336298295e-15
8401.884305584286 3.272296417478261e-15
8406.060356054772 3.35713974610997e-15
8410.236406525257 3.487842876391504e-15
8414.412456995742 3.3871085220108895e-15
8418.588507466227 3.278356835137291e-15
8422.764557936713 3.2674288129361053e-15
8426.940608407198 3.297973720953494e-15
8431.116658877683 3.482491865511585e-15
8435.292709348169 3.644012507559518e-15
8439.468759818654 3.852437088736576e-15
8443.644810289139 4.163338498848363e-15
8447.820860759624 3.931981543805053e-15
8451.99691123011 3.4854918059931043e-15
8456.172961700595 3.2813143110057528e-15
8460.34901217108 3.1978699845680305e-15
8464.525062641565 3.36454379399787e-15
8468.70111311205 3.533387426895531e-15
8472.877163582536 3.2495068925878424e-15
8477.053214053021 3.1525384436602634e-15
8481.229264523507 2.964422099193414e-15
8485.405314993992 3.151121654935591e-15
8489.581365464477 3.3569247897372163e-15
8493.757415934962 3.63729736031264e-15
8497.933466405448 3.814617249116085e-15
8502.109516875933 3.726826077721937e-15
8506.285567346418 3.4425315701216266e-15
8510.461617816904 3.1452206719737696e-15
8514.637668287389 3.1427308121272316e-15
8518.813718757874 3.089750758212199e-15
8522.98976922836 2.9696873089425643e-15
8527.165819698845 3.1208328812836295e-15
8531.34187016933 3.3172503559868847e-15
8535.517920639817 3.4587979494153875e-15
8539.6939711103 3.533775244817077e-15
8543.870021580788 3.563783629934401e-15
8548.046072051271 3.4160761442226726e-15
8552.222122521758 3.3772282889770996e-15
8556.398172992242 3.095218371500516e-15
8560.574223462729 3.1527831422457803e-15
8564.750273933212 3.0187539208042457e-15
8568.9263244037 3.1370692027606152e-15
8573.102374874183 3.1344476629077566e-15
8577.27842534467 2.9901750921809386e-15
8581.454475815153 2.928580693313058e-15
8585.63052628564 3.1035146905877824e-15
8589.806576756124 3.342696949434479e-15
8593.982627226611 3.425173147198236e-15
8598.158677697094 3.4577957097919883e-15
8602.334728167581 3.382335538794354e-15
8606.510778638065 3.266829761748808e-15
8610.686829108552 3.1739092376145376e-15
8614.862879579036 3.101466451834897e-15
8619.038930049523 2.9644074363510667e-15
8623.214980520006 2.9490027584360374e-15
8627.391030990493 3.2336920700208274e-15
8631.567081460977 3.0739046704592875e-15
8635.743131931464 3.2891787549288492e-15
8639.919182401947 3.0351178185711113e-15
8644.095232872434 2.9420226892094225e-15
8648.271283342918 3.1463014046557794e-15
8652.447333813405 3.3283532066938074e-15
8656.623384283888 3.3841267037882973e-15
8660.799434754375 3.394763295509968e-15
8664.975485224859 3.4177390043297893e-15
8669.151535695346 3.3021104040149212e-15
8673.32758616583 3.273650887183205e-15
8677.503636636317 3.1635894306453047e-15
8681.6796871068 3.111055705501014e-15
8685.855737577287 3.1493470045754275e-15
8690.03178804777 3.227992554359807e-15
8694.207838518258 3.289815938743949e-15
8698.383888988741 3.267480470886449e-15
8702.559939459228 3.224331333146151e-15
8706.735989929712 3.3369152540333064e-15
8710.912040400199 3.174366182429427e-15
8715.088090870684 3.3547943709367674e-15
8719.26414134117 3.0503016345061924e-15
8723.440191811655 3.118867067748069e-15
8727.61624228214 3.0971847569795773e-15
8731.792292752625 2.9315747545273255e-15
8735.96834322311 2.9650846081057407e-15
8740.144393693596 3.2270672229281187e-15
8744.320444164081 3.3147546272655245e-15
8748.496494634566 3.3013941592586966e-15
8752.672545105052 3.368644771884831e-15
8756.848595575537 3.4020676956553506e-15
8761.024646046022 3.2177585148418092e-15
8765.200696516507 3.0682118365689862e-15
8769.376746986993 3.0848143947428094e-15
8773.552797457478 3.0683205527855456e-15
8777.728847927963 3.060195656927621e-15
8781.904898398448 3.1348162453189154e-15
8786.080948868934 3.0586196925462723e-15
8790.256999339419 2.875942813467865e-15
8794.433049809904 3.187535307851082e-15
8798.60910028039 3.1199082080629593e-15
8802.785150750875 3.257210269906824e-15
8806.96120122136 3.3418390218488494e-15
8811.137251691845 3.371265777528506e-15
8815.31330216233 3.4616734158859644e-15
8819.489352632816 3.5048357911818418e-15
8823.665403103301 3.456117181583271e-15
8827.841453573787 3.1721674336810014e-15
8832.017504044272 3.2836373959786284e-15
8836.193554514757 3.1764673608291664e-15
8840.369604985242 3.2559828347364447e-15
8844.545655455728 3.032445860412187e-15
8848.721705926213 3.0798684296454074e-15
8852.897756396698 3.314448370444405e-15
8857.073806867184 3.3619399143528074e-15
8861.249857337669 3.3113915701386526e-15
8865.425907808154 3.215967482756248e-15
8869.60195827864 3.209486596920633e-15
8873.778008749125 2.9599708164952986e-15
8877.95405921961 3.0638203524207862e-15
8882.130109690095 2.939790636121832e-15
8886.30616016058 3.1325746319334163e-15
8890.482210631068 3.2602146300540466e-15
8894.658261101551 3.2261857572342774e-15
8898.834311572038 3.210642265106881e-15
8903.010362042522 3.024835501626121e-15
8907.186412513009 3.1705531866520613e-15
8911.362462983492 3.3092968621728706e-15
8915.53851345398 3.197533556537394e-15
8919.714563924463 2.9888592946046434e-15
8923.89061439495 3.263221802062277e-15
8928.066664865433 3.0246217329090196e-15
8932.24271533592 3.167268834529101e-15
8936.418765806404 3.23118031194762e-15
8940.594816276891 3.200061584213209e-15
8944.770866747374 3.214785203549841e-15
8948.946917217861 3.0306131970033813e-15
8953.122967688345 3.1421072977056412e-15
8957.299018158832 3.089298189723246e-15
8961.475068629316 3.1083663115802477e-15
8965.651119099803 3.0405585588636176e-15
8969.827169570286 3.052499298430202e-15
8974.003220040773 3.007105571696451e-15
8978.179270511257 2.8792660955871475e-15
8982.355320981744 2.8154295932921096e-15
8986.531371452227 2.6035769664496528e-15
8990.707421922714 2.4841440391318024e-15
8994.883472393198 2.784695577388635e-15
8999.059522863685 2.6875923063917963e-15
9003.235573334168 2.897215456055172e-15
9007.411623804655 3.146966870784662e-15
9011.587674275139 3.0735212524595106e-15
9015.763724745626 3.0710680284695163e-15
9019.93977521611 3.1390663659256342e-15
9024.115825686597 2.97857134761452e-15
9028.29187615708 2.9900074498550885e-15
9032.467926627567 3.0013442593516794e-15
9036.64397709805 2.8509176745977798e-15
9040.820027568538 2.9706297452518884e-15
9044.996078039021 2.9528550938590753e-15
9049.172128509508 2.8504633923243084e-15
9053.348178979992 2.925608744210428e-15
9057.524229450479 2.9949707661055752e-15
9061.700279920962 3.0638617802982266e-15
9065.87633039145 3.391868700986298e-15
9070.052380861935 3.1644128691988273e-15
9074.22843133242 2.9982065109649423e-15
9078.404481802905 3.303435424447194e-15
9082.58053227339 3.363992319202843e-15
9086.756582743876 3.2195589123269523e-15
9090.932633214361 3.1306846764761617e-15
9095.108683684846 3.042645433911644e-15
9099.284734155332 2.896113437812245e-15
9103.460784625817 2.9071603544094343e-15
9107.636835096302 2.8189839466391413e-15
9111.812885566787 2.9402097250044714e-15
9115.988936037273 2.826305866126321e-15
9120.164986507758 3.0754638101875795e-15
9124.341036978243 3.219210138839496e-15
9128.517087448728 3.0620405432070283e-15
9132.693137919214 3.22905799585108e-15
9136.869188389699 3.1229384951189055e-15
9141.045238860184 2.998049159638872e-15
9145.22128933067 2.942415842186765e-15
9149.397339801155 2.6997546845049342e-15
9153.57339027164 2.4629446253645895e-15
9157.749440742125 2.6843033094112526e-15
9161.92549121261 2.7874830196247214e-15
9166.101541683096 3.1485910390452893e-15
9170.277592153581 2.9591042752683037e-15
9174.453642624067 2.93920942601523e-15
9178.629693094552 3.1734133989795274e-15
9182.805743565037 3.3643548577278035e-15
9186.981794035522 3.3801096718259023e-15
9191.157844506008 3.3636816309515954e-15
9195.333894976493 3.3640602242879608e-15
9199.509945446978 3.303350700575573e-15
